Memiliki Simpanan Uang/Perhiasan/Ternak/Lainnya,Jenis Atap,Jenis Lantai,Sumber Air Minum,Memiliki fasilitas Buang Air Besar
1.0,1.0,0.75,0.8333333333333333,0.0
0.0,0.8,0.75,0.8333333333333333,0.0
0.0,0.8,1.0,0.8333333333333333,0.0
0.0,0.8,0.0,1.0,0.0
0.0,0.8,0.0,0.8333333333333333,0.0
0.0,0.8,0.0,0.8333333333333333,0.0
0.0,0.8,0.0,0.8333333333333333,0.0
0.0,0.8,0.75,0.8333333333333333,0.0
0.0,0.8,0.0,0.8333333333333333,0.0
0.0,0.8,0.75,0.8333333333333333,0.0
0.0,1.0,0.75,0.6666666666666666,0.5
0.0,0.8,0.75,0.8333333333333333,0.0
0.0,0.8,0.0,0.8333333333333333,0.0
1.0,0.8,0.25,0.8333333333333333,0.5
0.0,0.8,0.75,0.8333333333333333,0.0
0.0,0.8,0.0,0.8333333333333333,0.0
1.0,0.8,0.0,0.8333333333333333,0.5
0.0,0.8,1.0,0.8333333333333333,0.0
0.0,0.8,0.0,0.8333333333333333,0.0
0.0,0.8,0.25,0.8333333333333333,0.0
1.0,0.8,1.0,0.8333333333333333,0.0
0.0,0.8,1.0,0.8333333333333333,0.0
0.0,0.8,1.0,1.0,0.0
0.0,0.8,1.0,1.0,0.0
0.0,0.8,0.0,1.0,0.0
0.0,0.8,0.0,0.8333333333333333,0.0
0.0,0.8,1.0,1.0,0.0
0.0,0.8,0.0,1.0,0.0
0.0,0.8,0.0,1.0,0.0
0.0,0.8,1.0,1.0,0.0
0.0,0.8,0.0,0.8333333333333333,0.0
0.0,0.8,1.0,1.0,0.0
0.0,0.8,1.0,1.0,0.0
0.0,0.8,1.0,1.0,0.0
0.0,0.8,1.0,1.0,0.0
0.0,0.8,1.0,1.0,0.0
1.0,1.0,0.25,0.8333333333333333,0.0
0.0,0.8,1.0,1.0,0.0
1.0,0.8,1.0,1.0,0.0
0.0,0.8,1.0,1.0,0.0
0.0,0.8,1.0,1.0,0.0
0.0,0.8,1.0,1.0,0.0
0.0,0.8,1.0,1.0,0.0
0.0,0.8,1.0,1.0,0.0
0.0,0.8,1.0,0.8333333333333333,0.0
0.0,0.8,0.25,0.8333333333333333,0.0
1.0,1.0,0.25,0.8333333333333333,0.5
1.0,1.0,0.25,0.8333333333333333,0.0
0.0,0.8,0.25,0.8333333333333333,0.0
0.0,0.8,0.0,0.8333333333333333,0.0
0.0,0.8,0.0,0.8333333333333333,0.0
0.0,0.8,0.0,0.8333333333333333,0.0
0.0,0.8,0.0,0.6666666666666666,0.0
0.0,0.8,1.0,0.8333333333333333,0.0
0.0,0.8,0.0,0.8333333333333333,0.0
0.0,0.8,1.0,0.8333333333333333,0.0
0.0,0.8,1.0,0.8333333333333333,0.0
0.0,0.8,0.25,0.8333333333333333,0.0
0.0,0.8,0.0,1.0,0.0
0.0,0.8,1.0,1.0,0.0
0.0,0.8,0.25,1.0,0.0
0.0,0.8,0.25,1.0,0.0
1.0,0.8,0.0,1.0,0.0
1.0,1.0,0.25,0.8333333333333333,0.0
1.0,0.8,0.0,1.0,0.0
1.0,0.8,0.0,1.0,0.0
1.0,1.0,0.25,0.8333333333333333,0.0
1.0,0.8,0.0,1.0,0.0
1.0,0.8,0.25,1.0,0.0
1.0,0.8,0.25,1.0,0.0
1.0,0.8,0.0,1.0,0.0
1.0,0.8,0.25,1.0,0.0
1.0,0.8,0.25,1.0,0.0
1.0,0.8,0.0,1.0,0.0
1.0,0.8,0.0,1.0,0.0
1.0,0.8,0.25,1.0,0.0
1.0,0.8,0.0,1.0,0.0
1.0,0.8,0.0,1.0,0.0
1.0,0.8,0.25,1.0,0.0
1.0,1.0,0.25,0.8333333333333333,0.0
1.0,0.8,0.0,1.0,0.0
1.0,0.8,0.25,1.0,0.0
1.0,0.8,0.25,1.0,0.0
1.0,0.8,0.0,1.0,0.0
1.0,0.8,1.0,0.8333333333333333,0.0
1.0,0.8,0.0,0.8333333333333333,0.0
0.0,0.8,0.0,1.0,0.0
0.0,0.8,0.25,1.0,0.0
0.0,0.8,0.0,0.8333333333333333,0.0
0.0,0.8,0.0,0.8333333333333333,0.0
0.0,0.8,1.0,1.0,0.0
1.0,0.8,0.0,1.0,0.0
1.0,0.2,0.0,1.0,0.0
0.0,0.8,0.0,1.0,0.0
1.0,0.8,0.25,1.0,0.0
1.0,0.2,0.0,1.0,0.0
0.0,0.8,0.0,1.0,0.0
1.0,0.8,0.25,1.0,0.0
1.0,0.8,0.0,0.8333333333333333,0.0
0.0,0.8,0.25,0.8333333333333333,0.0
1.0,0.8,1.0,1.0,0.0
0.0,0.8,0.25,0.8333333333333333,0.0
0.0,0.8,0.25,0.8333333333333333,0.0
0.0,0.0,1.0,0.8333333333333333,0.5
0.0,0.0,0.5,0.6666666666666666,0.5
1.0,0.0,0.5,0.6666666666666666,0.5
1.0,0.0,1.0,0.5,0.0
0.0,0.0,1.0,0.5,0.0
0.0,0.0,1.0,0.5,0.0
1.0,0.0,0.75,0.5,0.5
0.0,0.0,1.0,0.5,0.0
0.0,0.0,1.0,0.5,0.0
0.0,0.0,0.75,0.5,0.0
0.0,0.0,0.5,0.5,0.5
1.0,0.0,0.75,0.6666666666666666,0.0
1.0,0.0,0.75,0.6666666666666666,0.5
0.0,0.0,0.75,0.6666666666666666,0.0
1.0,0.0,0.75,0.6666666666666666,0.5
1.0,0.0,0.75,0.5,1.0
0.0,0.0,0.75,0.6666666666666666,1.0
0.0,0.0,0.75,0.6666666666666666,0.5
0.0,0.0,0.75,0.6666666666666666,0.5
0.0,0.0,0.75,0.8333333333333333,1.0
1.0,0.0,0.25,0.6666666666666666,0.0
1.0,1.0,0.25,0.6666666666666666,1.0
1.0,0.0,0.5,0.5,0.0
1.0,0.0,0.5,0.8333333333333333,0.0
1.0,0.0,0.75,0.8333333333333333,1.0
1.0,0.0,0.5,0.5,0.0
0.0,0.0,1.0,0.8333333333333333,0.0
0.0,0.0,0.75,0.8333333333333333,1.0
0.0,0.0,0.75,0.8333333333333333,1.0
0.0,0.0,0.75,0.8333333333333333,1.0
1.0,1.0,0.75,0.8333333333333333,1.0
0.0,0.0,1.0,0.8333333333333333,0.5
1.0,0.0,0.75,1.0,0.0
1.0,0.0,0.75,0.6666666666666666,1.0
0.0,0.0,0.75,0.8333333333333333,0.0
0.0,0.0,0.75,0.8333333333333333,0.0
1.0,0.0,0.75,0.6666666666666666,0.5
0.0,1.0,0.25,0.6666666666666666,1.0
0.0,0.0,0.75,0.6666666666666666,0.0
0.0,0.0,0.75,0.6666666666666666,0.0
1.0,0.0,0.25,0.6666666666666666,0.5
0.0,1.0,1.0,0.8333333333333333,1.0
1.0,0.0,1.0,0.8333333333333333,0.0
1.0,0.0,0.75,0.8333333333333333,0.5
0.0,0.0,0.75,0.5,0.0
0.0,0.0,0.75,0.8333333333333333,1.0
0.0,0.0,0.75,0.8333333333333333,0.0
1.0,1.0,0.75,0.8333333333333333,1.0
0.0,0.0,0.75,0.8333333333333333,0.0
1.0,0.0,0.75,0.8333333333333333,0.5
0.0,0.0,0.75,0.8333333333333333,0.0
0.0,0.0,1.0,0.8333333333333333,0.0
0.0,0.0,0.75,0.8333333333333333,0.0
0.0,0.0,0.75,0.8333333333333333,0.0
1.0,0.0,0.5,0.8333333333333333,0.5
0.0,1.0,0.0,0.8333333333333333,1.0
1.0,0.0,0.0,0.6666666666666666,1.0
0.0,0.8,1.0,0.0,0.0
1.0,1.0,0.25,0.5,0.5
0.0,0.0,1.0,0.8333333333333333,0.0
0.0,0.0,1.0,1.0,0.0
0.0,0.0,1.0,1.0,0.0
0.0,0.0,1.0,1.0,0.0
0.0,0.0,1.0,1.0,0.0
0.0,0.0,1.0,1.0,0.0
0.0,0.0,1.0,1.0,0.0
0.0,0.0,1.0,0.8333333333333333,1.0
0.0,0.0,1.0,1.0,0.0
0.0,0.0,1.0,0.0,1.0
0.0,0.0,1.0,1.0,0.0
0.0,0.0,0.0,1.0,0.0
0.0,0.0,1.0,1.0,0.0
0.0,0.0,1.0,1.0,0.0
1.0,0.0,1.0,0.8333333333333333,0.0
0.0,0.0,0.75,0.8333333333333333,0.0
1.0,0.0,0.75,0.6666666666666666,0.0
0.0,0.0,0.25,0.8333333333333333,0.0
0.0,0.0,1.0,1.0,0.0
0.0,0.0,1.0,0.8333333333333333,0.0
0.0,0.0,0.75,0.8333333333333333,0.0
1.0,0.0,0.5,0.8333333333333333,0.5
1.0,0.0,0.75,0.6666666666666666,0.5
1.0,0.0,0.5,0.8333333333333333,0.5
1.0,0.0,0.5,0.6666666666666666,0.5
1.0,0.0,0.5,0.6666666666666666,0.5
1.0,0.0,0.75,0.8333333333333333,1.0
1.0,0.0,0.75,0.8333333333333333,0.5
1.0,1.0,1.0,0.8333333333333333,0.0
0.0,0.0,1.0,0.8333333333333333,0.0
0.0,0.0,1.0,0.8333333333333333,1.0
1.0,0.0,0.75,1.0,1.0
0.0,0.0,0.75,0.6666666666666666,1.0
0.0,0.0,1.0,0.8333333333333333,1.0
1.0,0.0,1.0,0.8333333333333333,1.0
1.0,0.0,1.0,0.8333333333333333,1.0
1.0,0.0,0.25,0.8333333333333333,1.0
1.0,0.0,1.0,0.8333333333333333,1.0
0.0,1.0,1.0,0.6666666666666666,0.0
0.0,0.0,1.0,1.0,0.0
0.0,0.0,0.75,0.6666666666666666,1.0
0.0,0.0,0.75,0.8333333333333333,0.0
0.0,0.0,0.0,0.8333333333333333,0.0
0.0,0.0,0.75,0.6666666666666666,0.5
0.0,0.0,1.0,0.8333333333333333,0.0
0.0,0.0,1.0,0.8333333333333333,0.0
0.0,0.0,1.0,0.8333333333333333,0.0
0.0,0.0,1.0,0.8333333333333333,0.0
0.0,0.0,0.25,0.8333333333333333,0.0
0.0,0.0,1.0,0.8333333333333333,0.0
0.0,0.0,1.0,0.8333333333333333,0.0
0.0,0.0,1.0,0.8333333333333333,0.0
0.0,0.0,1.0,0.8333333333333333,0.0
0.0,0.0,1.0,0.8333333333333333,0.0
0.0,0.0,1.0,0.8333333333333333,0.0
0.0,0.0,1.0,0.8333333333333333,0.0
0.0,0.0,1.0,0.8333333333333333,0.0
0.0,0.0,1.0,0.8333333333333333,0.0
0.0,0.0,1.0,0.8333333333333333,0.0
1.0,0.0,1.0,0.8333333333333333,0.0
1.0,0.0,1.0,0.8333333333333333,0.0
0.0,0.0,1.0,0.8333333333333333,0.0
0.0,0.0,1.0,0.8333333333333333,0.0
0.0,0.0,1.0,0.8333333333333333,0.0
0.0,0.0,1.0,0.8333333333333333,0.0
0.0,0.0,1.0,0.8333333333333333,0.0
0.0,0.0,1.0,0.8333333333333333,0.0
0.0,0.0,1.0,0.8333333333333333,0.0
0.0,0.0,0.5,0.8333333333333333,0.0
0.0,0.0,1.0,0.8333333333333333,0.0
0.0,0.0,0.75,0.8333333333333333,0.0
0.0,0.0,1.0,0.8333333333333333,0.0
0.0,0.0,1.0,0.8333333333333333,0.0
0.0,0.0,1.0,0.8333333333333333,0.0
0.0,0.0,1.0,1.0,0.0
0.0,0.0,1.0,0.8333333333333333,0.0
0.0,0.0,1.0,0.8333333333333333,0.0
0.0,0.0,1.0,0.8333333333333333,0.0
0.0,0.0,1.0,0.8333333333333333,0.0
1.0,0.0,1.0,0.8333333333333333,0.0
0.0,0.0,1.0,0.8333333333333333,0.0
0.0,0.0,1.0,0.8333333333333333,0.0
0.0,0.0,1.0,0.8333333333333333,0.0
0.0,0.0,1.0,0.8333333333333333,0.0
0.0,0.0,1.0,0.8333333333333333,0.0
0.0,0.0,1.0,0.8333333333333333,0.0
0.0,0.0,1.0,0.8333333333333333,0.0
0.0,0.0,1.0,0.8333333333333333,0.0
0.0,0.8,1.0,0.8333333333333333,0.0
0.0,1.0,1.0,0.6666666666666666,1.0
0.0,0.0,0.25,0.8333333333333333,0.0
0.0,0.0,0.75,0.8333333333333333,0.5
1.0,0.0,0.75,0.6666666666666666,0.5
0.0,1.0,1.0,0.8333333333333333,0.0
0.0,0.0,1.0,1.0,0.0
0.0,0.0,1.0,0.3333333333333333,0.0
0.0,1.0,1.0,0.3333333333333333,0.0
0.0,0.0,1.0,0.3333333333333333,0.0
0.0,0.0,1.0,0.3333333333333333,0.0
0.0,0.0,1.0,0.8333333333333333,0.0
0.0,0.0,0.75,0.3333333333333333,0.0
0.0,0.0,0.75,0.3333333333333333,0.0
0.0,0.0,0.75,1.0,0.0
0.0,0.0,0.75,1.0,0.0
0.0,0.0,0.75,1.0,0.0
0.0,0.0,0.75,0.8333333333333333,0.0
1.0,0.0,0.75,0.8333333333333333,0.0
1.0,0.0,0.75,0.6666666666666666,0.0
1.0,0.0,0.75,0.6666666666666666,0.5
1.0,0.0,0.5,0.8333333333333333,1.0
0.0,1.0,0.75,1.0,0.0
0.0,0.0,0.75,1.0,0.0
0.0,0.0,0.75,1.0,0.0
0.0,0.0,0.75,1.0,0.0
0.0,0.0,1.0,0.8333333333333333,0.0
0.0,0.0,0.75,1.0,0.0
0.0,0.0,0.25,0.8333333333333333,0.0
0.0,0.0,0.75,1.0,0.0
0.0,0.0,0.75,1.0,0.0
0.0,0.0,0.75,0.8333333333333333,0.0
0.0,0.0,0.75,0.8333333333333333,0.0
0.0,0.0,0.75,1.0,0.0
1.0,0.0,0.75,0.8333333333333333,0.0
1.0,0.0,0.75,1.0,0.0
1.0,1.0,0.25,0.8333333333333333,0.5
1.0,0.0,0.75,1.0,0.0
1.0,1.0,0.25,0.6666666666666666,0.5
0.0,1.0,0.0,0.5,0.5
1.0,0.0,0.75,0.8333333333333333,1.0
1.0,0.0,0.75,0.6666666666666666,0.0
1.0,0.0,0.75,0.6666666666666666,1.0
0.0,0.0,0.0,0.6666666666666666,0.0
0.0,0.0,1.0,1.0,0.0
0.0,0.0,1.0,1.0,0.0
0.0,0.0,1.0,1.0,0.0
0.0,0.0,1.0,1.0,0.0
0.0,0.0,1.0,1.0,0.0
0.0,1.0,1.0,1.0,0.0
0.0,0.0,1.0,1.0,0.0
0.0,0.0,1.0,1.0,0.0
0.0,0.0,1.0,1.0,0.0
0.0,0.0,1.0,1.0,0.0
0.0,0.0,1.0,1.0,0.0
0.0,0.0,1.0,1.0,0.0
0.0,0.0,1.0,1.0,0.0
0.0,0.0,1.0,1.0,0.0
0.0,0.0,1.0,1.0,0.0
0.0,0.0,1.0,1.0,0.0
0.0,0.0,1.0,1.0,0.0
0.0,0.0,1.0,1.0,0.0
0.0,0.0,1.0,1.0,0.0
0.0,0.0,1.0,1.0,0.0
0.0,1.0,0.25,0.8333333333333333,0.0
0.0,1.0,0.25,0.8333333333333333,1.0
1.0,0.0,0.75,0.8333333333333333,1.0
0.0,0.0,0.75,0.5,1.0
1.0,0.0,0.75,0.6666666666666666,1.0
1.0,1.0,0.5,0.8333333333333333,0.5
1.0,0.0,0.75,0.0,1.0
1.0,0.0,0.75,0.8333333333333333,1.0
1.0,0.0,0.75,0.8333333333333333,1.0
0.0,1.0,0.75,0.6666666666666666,0.5
0.0,0.0,0.75,0.8333333333333333,1.0
0.0,1.0,0.75,0.8333333333333333,1.0
0.0,0.0,0.75,0.6666666666666666,1.0
0.0,0.0,0.75,0.8333333333333333,1.0
0.0,0.0,0.75,0.8333333333333333,1.0
0.0,1.0,0.75,0.8333333333333333,1.0
0.0,0.0,0.75,0.8333333333333333,1.0
0.0,0.0,0.75,0.8333333333333333,1.0
0.0,1.0,0.75,0.8333333333333333,1.0
0.0,0.0,0.75,0.8333333333333333,0.5
0.0,0.0,0.75,0.8333333333333333,1.0
0.0,0.0,0.75,0.8333333333333333,1.0
0.0,0.0,0.75,0.8333333333333333,0.5
0.0,0.0,0.75,0.6666666666666666,1.0
1.0,0.0,0.75,0.8333333333333333,1.0
0.0,0.0,0.5,0.8333333333333333,0.0
0.0,0.0,1.0,0.8333333333333333,0.0
0.0,0.0,0.75,0.6666666666666666,0.0
0.0,0.0,0.75,0.8333333333333333,0.0
1.0,1.0,1.0,0.8333333333333333,0.0
0.0,0.0,0.75,0.6666666666666666,0.5
1.0,0.0,0.5,0.8333333333333333,0.0
1.0,0.0,0.0,0.8333333333333333,0.5
1.0,0.0,0.0,0.3333333333333333,0.0
1.0,1.0,0.5,0.6666666666666666,0.5
1.0,1.0,0.75,0.8333333333333333,0.0
1.0,0.0,0.75,0.8333333333333333,0.0
1.0,0.0,0.75,0.6666666666666666,0.0
1.0,0.0,0.75,0.8333333333333333,1.0
0.0,0.0,0.75,0.6666666666666666,0.0
1.0,0.0,0.75,0.8333333333333333,1.0
0.0,0.0,0.75,0.6666666666666666,0.0
1.0,0.0,0.75,0.8333333333333333,1.0
0.0,0.0,0.75,0.8333333333333333,1.0
1.0,0.0,1.0,0.8333333333333333,0.0
1.0,0.0,1.0,0.8333333333333333,0.0
1.0,0.0,1.0,0.8333333333333333,0.0
0.0,0.0,0.75,0.8333333333333333,0.0
1.0,0.0,1.0,0.8333333333333333,0.0
0.0,0.8,1.0,0.8333333333333333,0.0
1.0,1.0,1.0,0.8333333333333333,0.0
1.0,0.0,0.5,0.8333333333333333,1.0
0.0,0.0,0.75,0.5,0.0
0.0,1.0,0.75,0.8333333333333333,1.0
0.0,1.0,0.75,0.6666666666666666,0.5
1.0,1.0,0.75,0.8333333333333333,0.5
0.0,1.0,0.0,0.8333333333333333,0.5
1.0,1.0,0.75,0.8333333333333333,0.5
1.0,1.0,0.75,0.8333333333333333,0.5
0.0,1.0,0.0,0.16666666666666666,0.5
1.0,1.0,0.75,0.8333333333333333,0.5
1.0,1.0,0.75,0.8333333333333333,0.5
1.0,1.0,1.0,0.8333333333333333,1.0
0.0,1.0,0.75,0.8333333333333333,0.5
1.0,1.0,0.75,0.8333333333333333,0.5
1.0,1.0,0.75,0.8333333333333333,0.5
1.0,1.0,0.75,0.8333333333333333,1.0
1.0,1.0,0.75,0.8333333333333333,0.5
0.0,1.0,0.75,0.8333333333333333,0.5
1.0,1.0,0.75,0.8333333333333333,0.5
1.0,1.0,0.75,0.8333333333333333,0.5
1.0,1.0,0.25,0.8333333333333333,1.0
1.0,1.0,0.75,0.8333333333333333,0.5
1.0,1.0,0.75,0.8333333333333333,0.5
1.0,1.0,0.75,0.8333333333333333,0.5
1.0,1.0,0.75,0.8333333333333333,0.5
1.0,1.0,0.75,0.8333333333333333,0.5
1.0,1.0,0.75,0.8333333333333333,0.5
1.0,1.0,0.75,0.8333333333333333,0.5
1.0,1.0,0.75,0.8333333333333333,0.5
0.0,1.0,0.75,0.8333333333333333,0.5
0.0,1.0,0.75,0.8333333333333333,0.5
1.0,1.0,0.75,0.8333333333333333,0.5
1.0,1.0,0.25,0.8333333333333333,1.0
1.0,1.0,0.75,0.8333333333333333,0.5
0.0,0.0,0.75,0.6666666666666666,1.0
0.0,0.0,0.75,0.6666666666666666,1.0
0.0,0.0,0.75,0.6666666666666666,1.0
0.0,0.0,0.75,0.6666666666666666,0.5
0.0,0.0,1.0,0.6666666666666666,0.0
0.0,0.0,0.75,0.6666666666666666,1.0
0.0,0.0,0.75,0.6666666666666666,0.0
0.0,0.0,0.75,0.6666666666666666,0.0
0.0,0.0,1.0,0.6666666666666666,0.0
0.0,0.0,0.75,0.6666666666666666,1.0
0.0,0.0,0.75,0.6666666666666666,0.0
0.0,0.0,0.75,0.6666666666666666,1.0
0.0,0.0,0.75,0.6666666666666666,0.0
0.0,0.0,0.75,0.6666666666666666,0.5
0.0,0.0,0.75,0.6666666666666666,1.0
0.0,0.0,0.75,0.6666666666666666,0.0
0.0,0.0,0.75,0.6666666666666666,0.0
0.0,0.0,1.0,0.6666666666666666,0.0
0.0,0.0,0.75,0.6666666666666666,1.0
0.0,0.0,0.75,0.6666666666666666,0.5
0.0,0.0,0.75,0.6666666666666666,0.0
0.0,0.0,0.75,0.6666666666666666,0.5
0.0,0.0,0.75,0.6666666666666666,0.5
0.0,0.0,0.75,0.8333333333333333,0.0
0.0,0.0,0.75,0.8333333333333333,0.0
1.0,0.0,0.75,0.8333333333333333,0.0
1.0,0.0,0.75,0.8333333333333333,0.5
1.0,0.0,0.75,0.8333333333333333,0.5
1.0,0.0,0.75,0.8333333333333333,0.5
1.0,0.0,0.75,0.8333333333333333,0.5
1.0,0.0,1.0,0.8333333333333333,0.0
1.0,0.0,0.75,0.8333333333333333,0.5
1.0,0.0,0.75,0.8333333333333333,0.5
1.0,0.0,0.75,0.8333333333333333,0.5
1.0,1.0,0.75,0.8333333333333333,0.5
1.0,0.0,0.75,0.8333333333333333,0.5
1.0,0.0,0.75,0.8333333333333333,0.5
1.0,0.0,0.75,0.8333333333333333,0.5
1.0,0.0,0.75,0.8333333333333333,0.5
1.0,0.0,0.5,0.8333333333333333,0.5
1.0,0.0,0.75,0.8333333333333333,0.5
1.0,0.0,0.75,0.8333333333333333,0.5
1.0,0.0,1.0,0.8333333333333333,0.5
1.0,0.0,0.75,0.8333333333333333,0.5
1.0,0.0,0.75,0.8333333333333333,0.5
1.0,0.0,0.75,0.8333333333333333,0.5
1.0,0.0,0.75,0.8333333333333333,0.5
1.0,0.0,0.75,0.8333333333333333,0.5
1.0,0.0,0.75,0.8333333333333333,0.5
1.0,0.0,0.75,0.8333333333333333,0.5
1.0,0.0,0.75,0.8333333333333333,0.5
1.0,0.0,0.0,0.8333333333333333,0.5
1.0,0.0,0.75,0.8333333333333333,0.5
1.0,0.0,0.75,0.8333333333333333,0.5
1.0,0.0,0.75,0.8333333333333333,0.5
1.0,0.0,0.75,0.8333333333333333,0.5
1.0,0.0,0.75,0.8333333333333333,0.5
1.0,0.0,0.75,0.8333333333333333,0.0
1.0,0.0,0.75,0.8333333333333333,0.5
1.0,0.0,0.75,0.8333333333333333,0.5
1.0,0.0,0.75,0.8333333333333333,0.5
1.0,0.0,0.75,0.8333333333333333,0.5
1.0,0.0,0.75,0.8333333333333333,0.5
1.0,0.0,0.75,0.8333333333333333,0.5
1.0,0.0,0.75,0.8333333333333333,0.5
1.0,0.0,0.5,0.8333333333333333,0.5
1.0,0.0,0.75,0.8333333333333333,0.5
1.0,0.0,0.75,0.8333333333333333,0.5
1.0,0.0,0.75,0.8333333333333333,0.5
1.0,0.0,0.75,0.8333333333333333,0.5
1.0,0.0,0.75,0.8333333333333333,0.0
1.0,0.0,0.5,0.8333333333333333,0.5
1.0,0.0,0.75,0.8333333333333333,0.5
1.0,0.0,0.75,0.8333333333333333,0.5
1.0,0.0,0.75,0.8333333333333333,0.5
1.0,0.0,0.75,0.8333333333333333,0.5
1.0,0.0,0.75,0.8333333333333333,0.5
1.0,0.0,0.75,0.8333333333333333,0.5
1.0,0.0,0.75,0.8333333333333333,0.5
1.0,0.0,0.75,0.8333333333333333,0.5
1.0,0.0,0.5,0.8333333333333333,0.5
1.0,0.0,0.75,0.8333333333333333,0.5
1.0,0.0,0.5,0.8333333333333333,0.5
1.0,0.0,0.5,0.8333333333333333,0.5
1.0,0.0,0.75,0.8333333333333333,0.5
1.0,0.0,0.75,0.8333333333333333,0.5
1.0,0.0,0.75,0.8333333333333333,0.5
1.0,0.0,0.5,0.8333333333333333,0.5
1.0,0.0,0.5,0.8333333333333333,0.5
1.0,0.0,0.75,0.8333333333333333,0.5
1.0,0.0,0.75,0.8333333333333333,0.5
1.0,0.0,0.75,0.8333333333333333,0.5
1.0,0.0,0.75,0.8333333333333333,0.5
1.0,0.0,0.75,0.8333333333333333,0.5
1.0,0.0,0.5,0.8333333333333333,0.5
1.0,0.0,1.0,0.8333333333333333,0.5
1.0,0.0,0.75,0.8333333333333333,0.5
1.0,0.0,0.5,0.8333333333333333,0.5
1.0,0.0,0.75,0.8333333333333333,0.5
1.0,0.0,0.75,0.8333333333333333,0.5
1.0,0.0,0.75,0.8333333333333333,0.5
1.0,0.0,0.75,0.8333333333333333,0.5
1.0,0.0,0.75,0.8333333333333333,0.5
1.0,0.0,0.75,0.8333333333333333,0.5
1.0,0.0,0.75,0.8333333333333333,0.5
1.0,0.4,0.5,0.6666666666666666,0.5
0.0,0.6000000000000001,0.5,0.6666666666666666,0.5
1.0,0.6000000000000001,0.5,0.5,0.5
0.0,0.6000000000000001,0.5,0.5,0.5
0.0,0.6000000000000001,0.5,0.5,0.5
0.0,0.6000000000000001,0.5,0.5,0.5
0.0,0.6000000000000001,0.5,0.5,0.5
0.0,0.6000000000000001,0.5,0.5,0.5
0.0,0.6000000000000001,0.5,0.6666666666666666,0.5
0.0,0.6000000000000001,0.75,0.6666666666666666,0.5
0.0,0.6000000000000001,0.5,0.6666666666666666,0.5
0.0,0.6000000000000001,0.5,0.5,0.5
0.0,0.6000000000000001,0.5,0.5,0.5
1.0,0.6000000000000001,0.5,0.5,0.5
0.0,0.6000000000000001,0.5,0.6666666666666666,0.5
0.0,0.6000000000000001,0.5,0.5,0.5
1.0,0.6000000000000001,0.5,0.6666666666666666,0.5
0.0,0.6000000000000001,0.5,0.5,0.5
0.0,0.6000000000000001,0.5,0.6666666666666666,0.5
1.0,0.6000000000000001,0.5,0.6666666666666666,0.5
0.0,0.6000000000000001,0.5,0.5,0.5
0.0,0.6000000000000001,0.5,0.5,0.5
0.0,0.6000000000000001,0.5,0.5,0.0
0.0,0.6000000000000001,0.5,0.5,0.5
1.0,0.6000000000000001,0.5,0.8333333333333333,0.5
0.0,0.6000000000000001,0.5,0.8333333333333333,0.5
0.0,0.6000000000000001,0.5,0.8333333333333333,0.0
0.0,0.6000000000000001,0.5,0.5,0.5
0.0,0.6000000000000001,0.5,0.5,0.5
0.0,0.6000000000000001,0.5,0.5,0.5
0.0,0.6000000000000001,0.5,0.6666666666666666,0.5
0.0,0.6000000000000001,0.5,0.6666666666666666,0.5
0.0,0.6000000000000001,0.5,0.5,0.5
1.0,0.6000000000000001,0.75,0.8333333333333333,0.5
0.0,0.6000000000000001,0.5,0.6666666666666666,0.5
0.0,0.6000000000000001,0.5,0.5,0.5
0.0,0.6000000000000001,0.5,0.8333333333333333,0.5
1.0,0.6000000000000001,0.5,0.6666666666666666,0.5
0.0,0.6000000000000001,0.5,0.5,0.5
0.0,0.6000000000000001,0.5,0.5,0.5
0.0,0.6000000000000001,0.5,0.6666666666666666,0.5
1.0,0.6000000000000001,0.75,0.8333333333333333,0.5
0.0,0.6000000000000001,0.5,0.6666666666666666,0.5
1.0,0.6000000000000001,0.5,0.6666666666666666,0.5
0.0,0.6000000000000001,0.5,0.5,0.5
0.0,0.6000000000000001,0.5,0.5,0.5
1.0,0.6000000000000001,0.5,0.5,0.5
1.0,0.6000000000000001,0.5,0.8333333333333333,0.5
0.0,0.6000000000000001,0.5,0.6666666666666666,0.5
0.0,0.6000000000000001,0.5,0.6666666666666666,0.5
0.0,0.6000000000000001,0.5,0.6666666666666666,0.5
0.0,0.6000000000000001,0.5,0.6666666666666666,0.5
0.0,0.6000000000000001,0.5,0.5,0.5
0.0,0.6000000000000001,0.5,0.5,0.5
0.0,0.6000000000000001,0.5,0.6666666666666666,0.5
0.0,0.6000000000000001,0.5,0.6666666666666666,0.5
1.0,0.6000000000000001,0.5,0.6666666666666666,0.5
0.0,0.6000000000000001,0.5,0.8333333333333333,0.5
0.0,0.6000000000000001,0.5,0.5,0.5
0.0,0.6000000000000001,0.5,0.8333333333333333,0.5
0.0,0.6000000000000001,0.5,0.8333333333333333,0.5
0.0,0.6000000000000001,0.5,0.8333333333333333,0.5
0.0,0.6000000000000001,0.5,0.8333333333333333,0.5
0.0,0.6000000000000001,0.5,0.5,0.5
0.0,0.6000000000000001,0.5,0.8333333333333333,0.5
0.0,0.6000000000000001,0.5,0.8333333333333333,0.5
0.0,0.6000000000000001,0.5,0.5,0.5
0.0,0.6000000000000001,0.5,0.6666666666666666,0.5
0.0,0.6000000000000001,0.5,0.16666666666666666,0.5
0.0,0.6000000000000001,0.5,0.6666666666666666,0.5
0.0,0.6000000000000001,0.75,0.5,0.5
0.0,0.6000000000000001,0.5,0.6666666666666666,0.5
0.0,0.6000000000000001,0.5,0.8333333333333333,0.5
0.0,0.6000000000000001,0.5,0.5,0.5
1.0,0.6000000000000001,0.5,0.5,0.5
1.0,0.6000000000000001,0.5,0.5,0.5
1.0,0.6000000000000001,0.5,0.5,0.5
1.0,0.6000000000000001,0.5,0.5,0.5
1.0,0.4,0.5,0.6666666666666666,0.5
1.0,0.6000000000000001,0.5,0.5,0.5
1.0,0.6000000000000001,0.5,0.5,0.5
1.0,0.6000000000000001,0.5,0.5,0.5
1.0,0.6000000000000001,0.5,0.5,0.5
0.0,0.6000000000000001,0.5,0.5,0.5
1.0,0.6000000000000001,0.5,0.5,0.5
0.0,0.6000000000000001,0.5,0.5,0.5
0.0,0.6000000000000001,0.5,0.5,0.5
0.0,0.6000000000000001,0.5,0.6666666666666666,0.5
0.0,0.6000000000000001,0.5,0.5,0.5
0.0,0.6000000000000001,0.5,0.5,0.5
1.0,0.6000000000000001,0.5,0.5,0.5
1.0,0.6000000000000001,0.5,0.5,0.5
1.0,0.6000000000000001,0.5,0.5,0.5
1.0,0.6000000000000001,0.5,0.5,0.5
1.0,0.6000000000000001,0.5,0.5,0.5
0.0,0.6000000000000001,0.5,0.6666666666666666,0.5
0.0,0.6000000000000001,0.5,0.5,0.5
0.0,0.6000000000000001,0.5,0.5,0.5
1.0,0.6000000000000001,0.5,0.6666666666666666,0.5
1.0,0.6000000000000001,0.5,0.6666666666666666,0.5
1.0,0.6000000000000001,0.5,0.6666666666666666,0.5
1.0,0.6000000000000001,0.5,0.6666666666666666,0.5
1.0,0.6000000000000001,0.75,0.8333333333333333,0.5
1.0,0.6000000000000001,0.5,0.6666666666666666,0.5
0.0,0.6000000000000001,0.5,0.5,0.5
1.0,0.6000000000000001,0.5,0.6666666666666666,0.5
1.0,0.6000000000000001,0.5,0.8333333333333333,0.5
0.0,0.6000000000000001,0.5,0.5,0.5
0.0,0.6000000000000001,0.5,0.5,0.5
0.0,0.6000000000000001,0.5,0.5,0.5
0.0,0.6000000000000001,0.5,0.5,0.5
0.0,0.6000000000000001,0.75,0.5,0.5
0.0,0.6000000000000001,0.5,0.5,0.5
1.0,0.6000000000000001,0.5,0.5,0.5
0.0,0.6000000000000001,0.5,0.5,0.5
0.0,0.6000000000000001,0.5,0.16666666666666666,0.5
0.0,0.6000000000000001,0.5,0.5,0.5
1.0,0.6000000000000001,0.5,0.8333333333333333,0.5
1.0,0.6000000000000001,0.5,0.8333333333333333,0.0
0.0,0.6000000000000001,0.5,0.5,0.5
0.0,0.6000000000000001,0.5,0.6666666666666666,0.5
0.0,0.6000000000000001,0.5,0.6666666666666666,0.5
0.0,0.6000000000000001,0.5,0.5,0.5
1.0,0.6000000000000001,0.5,0.5,0.5
1.0,0.6000000000000001,0.5,0.5,0.5
0.0,0.6000000000000001,0.5,0.5,0.5
1.0,0.6000000000000001,0.5,0.8333333333333333,0.5
1.0,0.6000000000000001,0.5,0.6666666666666666,0.5
1.0,0.6000000000000001,0.5,0.6666666666666666,0.5
0.0,0.6000000000000001,0.5,0.5,0.5
1.0,0.6000000000000001,0.5,0.8333333333333333,0.5
0.0,0.6000000000000001,0.5,0.5,0.5
1.0,0.6000000000000001,0.5,0.6666666666666666,0.5
0.0,0.6000000000000001,0.5,0.5,0.5
0.0,0.6000000000000001,0.5,0.5,0.5
0.0,0.6000000000000001,0.5,0.6666666666666666,0.5
0.0,0.6000000000000001,0.5,0.6666666666666666,0.5
1.0,0.6000000000000001,0.5,0.6666666666666666,0.5
1.0,0.6000000000000001,0.5,0.6666666666666666,0.5
0.0,0.6000000000000001,0.5,0.5,0.5
0.0,0.6000000000000001,0.5,0.5,0.5
0.0,0.6000000000000001,0.5,0.5,0.5
0.0,0.6000000000000001,0.5,0.16666666666666666,0.5
1.0,0.6000000000000001,0.5,0.5,0.5
1.0,0.6000000000000001,0.5,0.5,0.5
1.0,0.6000000000000001,0.5,0.5,0.5
1.0,0.6000000000000001,0.75,0.8333333333333333,0.5
1.0,0.6000000000000001,0.5,0.5,0.5
1.0,0.6000000000000001,0.75,0.8333333333333333,0.5
0.0,0.6000000000000001,0.5,0.8333333333333333,0.5
1.0,0.4,0.5,0.6666666666666666,0.5
1.0,0.6000000000000001,0.5,0.8333333333333333,0.5
0.0,0.6000000000000001,0.5,0.16666666666666666,0.5
1.0,0.6000000000000001,0.5,0.8333333333333333,0.5
0.0,0.6000000000000001,0.75,0.6666666666666666,0.5
0.0,0.6000000000000001,0.5,0.16666666666666666,0.5
1.0,0.6000000000000001,0.5,0.8333333333333333,0.5
1.0,0.6000000000000001,0.5,0.8333333333333333,0.5
1.0,0.6000000000000001,0.5,0.8333333333333333,0.5
1.0,0.6000000000000001,0.5,0.5,0.5
1.0,0.6000000000000001,0.5,0.6666666666666666,0.5
0.0,0.6000000000000001,0.75,0.16666666666666666,0.5
1.0,0.6000000000000001,0.5,0.8333333333333333,0.5
0.0,0.6000000000000001,0.5,0.5,0.5
0.0,0.6000000000000001,0.5,0.5,0.5
1.0,0.6000000000000001,0.5,0.5,0.5
0.0,0.6000000000000001,0.5,0.5,0.5
0.0,0.6000000000000001,0.5,0.6666666666666666,0.5
1.0,0.6000000000000001,0.5,0.8333333333333333,0.5
0.0,0.6000000000000001,0.5,0.6666666666666666,0.5
0.0,0.6000000000000001,0.5,0.5,0.5
0.0,0.6000000000000001,0.5,0.5,0.5
1.0,0.6000000000000001,0.5,0.5,0.5
0.0,0.6000000000000001,0.5,0.5,0.5
0.0,0.4,0.5,0.6666666666666666,0.5
0.0,0.6000000000000001,0.5,0.6666666666666666,0.5
0.0,0.6000000000000001,0.5,0.6666666666666666,0.5
0.0,0.6000000000000001,0.5,0.6666666666666666,0.5
0.0,0.6000000000000001,0.5,0.5,0.5
0.0,0.6000000000000001,0.5,0.5,0.5
0.0,0.6000000000000001,0.5,0.5,0.5
0.0,0.6000000000000001,0.5,0.5,0.5
1.0,0.6000000000000001,0.5,0.8333333333333333,0.5
0.0,0.6000000000000001,0.5,0.5,0.5
1.0,0.6000000000000001,0.5,0.5,0.5
0.0,0.6000000000000001,0.5,0.5,0.5
1.0,0.6000000000000001,0.5,0.5,0.5
0.0,0.6000000000000001,0.5,0.5,0.5
1.0,0.6000000000000001,0.5,0.5,0.5
0.0,0.6000000000000001,0.75,0.5,0.5
0.0,0.6000000000000001,0.5,0.5,0.5
1.0,0.6000000000000001,0.5,0.6666666666666666,0.5
1.0,0.6000000000000001,0.5,0.5,0.5
0.0,0.6000000000000001,0.5,0.6666666666666666,0.5
1.0,0.6000000000000001,0.5,0.5,0.5
1.0,0.6000000000000001,0.5,0.5,0.5
1.0,0.6000000000000001,0.5,0.5,0.5
1.0,0.6000000000000001,0.5,0.5,0.5
1.0,0.6000000000000001,0.5,0.5,0.5
1.0,0.6000000000000001,0.5,0.5,0.5
1.0,0.6000000000000001,0.5,0.6666666666666666,0.5
1.0,0.6000000000000001,0.5,0.6666666666666666,0.5
1.0,0.6000000000000001,0.5,0.5,0.5
1.0,0.6000000000000001,0.5,0.8333333333333333,0.5
1.0,0.6000000000000001,0.5,0.5,0.5
1.0,0.6000000000000001,0.5,0.5,0.5
1.0,0.6000000000000001,0.5,0.6666666666666666,0.5
1.0,0.6000000000000001,0.5,0.8333333333333333,0.5
1.0,0.6000000000000001,0.5,0.5,0.5
1.0,0.6000000000000001,0.5,0.8333333333333333,0.5
1.0,0.6000000000000001,0.75,0.8333333333333333,0.5
1.0,0.6000000000000001,0.5,0.8333333333333333,0.5
1.0,0.6000000000000001,0.5,0.6666666666666666,0.5
0.0,0.6000000000000001,0.5,0.16666666666666666,0.5
0.0,0.6000000000000001,0.5,0.16666666666666666,0.5
1.0,0.6000000000000001,0.5,0.8333333333333333,0.5
0.0,0.6000000000000001,0.5,0.5,0.5
1.0,0.6000000000000001,0.5,0.8333333333333333,0.5
0.0,0.6000000000000001,0.5,0.5,0.5
1.0,0.6000000000000001,0.5,0.5,0.5
0.0,0.6000000000000001,0.5,0.5,0.0
0.0,0.6000000000000001,0.5,0.5,0.5
1.0,0.6000000000000001,0.5,0.5,0.5
1.0,0.6000000000000001,0.5,0.6666666666666666,0.5
0.0,0.6000000000000001,0.5,0.5,0.5
1.0,0.6000000000000001,0.75,0.6666666666666666,0.5
0.0,0.6000000000000001,0.75,0.6666666666666666,0.5
0.0,0.6000000000000001,0.5,0.5,0.5
1.0,0.6000000000000001,0.5,0.8333333333333333,0.5
0.0,0.6000000000000001,0.5,0.5,0.5
0.0,0.6000000000000001,0.5,0.5,0.5
1.0,0.6000000000000001,0.5,0.8333333333333333,0.5
1.0,0.6000000000000001,0.5,0.5,0.5
1.0,0.6000000000000001,0.5,0.5,0.5
1.0,0.6000000000000001,0.5,0.5,0.5
0.0,0.6000000000000001,0.5,0.5,0.5
1.0,0.6000000000000001,0.5,0.8333333333333333,0.5
1.0,0.6000000000000001,0.5,0.8333333333333333,0.5
1.0,0.6000000000000001,0.5,0.5,0.5
0.0,0.6000000000000001,0.5,0.5,0.5
0.0,0.6000000000000001,0.5,0.5,0.5
1.0,0.6000000000000001,0.5,0.8333333333333333,0.5
1.0,0.6000000000000001,0.5,0.5,0.5
1.0,0.6000000000000001,0.5,0.5,0.5
1.0,0.6000000000000001,0.75,0.5,0.5
1.0,0.6000000000000001,0.5,0.5,0.5
1.0,0.6000000000000001,0.5,0.5,0.5
0.0,0.6000000000000001,0.5,0.5,0.0
1.0,0.6000000000000001,0.75,0.8333333333333333,0.5
1.0,0.6000000000000001,0.5,0.5,0.5
0.0,0.6000000000000001,0.5,0.6666666666666666,0.5
1.0,0.6000000000000001,0.5,0.5,0.5
1.0,0.6000000000000001,0.5,0.5,0.5
1.0,0.6000000000000001,0.5,0.5,0.5
1.0,0.6000000000000001,0.5,0.5,0.5
1.0,0.6000000000000001,0.5,0.5,0.5
1.0,0.6000000000000001,0.5,0.16666666666666666,0.5
0.0,0.6000000000000001,0.5,0.16666666666666666,0.5
1.0,0.6000000000000001,0.75,0.16666666666666666,0.5
1.0,0.6000000000000001,0.5,0.5,0.5
1.0,0.6000000000000001,0.5,0.8333333333333333,0.5
1.0,0.6000000000000001,0.5,0.5,0.5
0.0,0.6000000000000001,0.5,0.6666666666666666,0.5
0.0,0.6000000000000001,0.5,0.16666666666666666,0.5
1.0,0.6000000000000001,0.5,0.8333333333333333,0.5
0.0,0.6000000000000001,0.5,0.16666666666666666,0.5
1.0,0.6000000000000001,0.5,0.8333333333333333,0.5
1.0,0.6000000000000001,0.5,0.5,0.5
1.0,0.6000000000000001,0.5,0.6666666666666666,0.5
0.0,0.6000000000000001,0.5,0.5,0.5
1.0,0.6000000000000001,0.5,0.8333333333333333,0.5
1.0,0.6000000000000001,0.5,0.6666666666666666,0.5
1.0,0.6000000000000001,0.5,0.8333333333333333,0.5
1.0,0.6000000000000001,0.75,0.8333333333333333,0.5
1.0,0.6000000000000001,0.5,0.5,0.5
1.0,0.6000000000000001,0.5,0.6666666666666666,0.5
1.0,0.6000000000000001,0.75,0.5,0.5
1.0,0.6000000000000001,0.5,0.5,0.5
1.0,0.6000000000000001,0.5,0.5,0.5
1.0,0.6000000000000001,0.5,0.6666666666666666,0.5
1.0,0.6000000000000001,0.5,0.8333333333333333,0.5
1.0,0.6000000000000001,0.5,0.16666666666666666,0.5
0.0,0.6000000000000001,0.5,0.5,0.5
0.0,0.6000000000000001,0.5,0.5,0.5
1.0,0.6000000000000001,0.5,0.5,0.5
1.0,0.6000000000000001,0.5,0.5,0.5
1.0,0.6000000000000001,0.5,0.5,0.5
1.0,0.6000000000000001,0.5,0.5,0.5
1.0,0.6000000000000001,0.75,0.6666666666666666,0.5
1.0,0.6000000000000001,0.5,0.5,0.5
1.0,0.6000000000000001,0.5,0.5,0.5
0.0,0.6000000000000001,0.5,0.5,0.5
1.0,0.6000000000000001,0.5,0.5,0.5
0.0,0.6000000000000001,0.5,0.5,0.5
0.0,0.6000000000000001,0.5,0.16666666666666666,0.5
1.0,0.6000000000000001,0.5,0.5,0.5
0.0,0.6000000000000001,0.5,0.5,0.5
1.0,0.6000000000000001,0.5,0.5,0.5
0.0,0.6000000000000001,0.5,0.6666666666666666,0.5
0.0,0.6000000000000001,0.75,0.5,0.5
0.0,0.6000000000000001,0.5,0.5,0.5
1.0,0.6000000000000001,0.5,0.6666666666666666,0.5
1.0,0.6000000000000001,0.5,0.5,0.5
0.0,0.6000000000000001,0.5,0.6666666666666666,0.5
1.0,0.6000000000000001,0.5,0.6666666666666666,0.5
1.0,0.6000000000000001,0.5,0.5,0.5
1.0,0.6000000000000001,0.5,0.6666666666666666,0.5
1.0,0.6000000000000001,0.5,0.5,0.5
1.0,0.6000000000000001,0.5,0.6666666666666666,0.5
1.0,0.6000000000000001,0.5,0.6666666666666666,0.5
1.0,0.6000000000000001,0.75,0.8333333333333333,0.5
1.0,0.6000000000000001,0.5,0.5,0.5
1.0,0.6000000000000001,0.5,0.6666666666666666,0.5
1.0,0.6000000000000001,0.5,0.6666666666666666,0.5
1.0,0.6000000000000001,0.5,0.6666666666666666,0.5
1.0,0.6000000000000001,0.5,0.5,0.5
1.0,0.6000000000000001,0.5,0.5,0.5
1.0,0.6000000000000001,0.5,0.6666666666666666,0.5
1.0,0.6000000000000001,0.5,0.6666666666666666,0.5
1.0,0.6000000000000001,0.5,0.6666666666666666,0.5
1.0,0.6000000000000001,0.5,0.8333333333333333,0.5
1.0,0.6000000000000001,0.5,0.8333333333333333,0.5
1.0,0.6000000000000001,0.75,0.8333333333333333,0.5
1.0,0.6000000000000001,0.5,0.6666666666666666,0.5
1.0,0.6000000000000001,0.5,0.6666666666666666,0.5
1.0,0.6000000000000001,0.5,0.6666666666666666,0.5
1.0,0.6000000000000001,0.5,0.6666666666666666,0.5
1.0,0.6000000000000001,0.5,0.6666666666666666,0.5
1.0,0.6000000000000001,0.5,0.6666666666666666,0.5
0.0,0.6000000000000001,0.75,0.8333333333333333,0.5
1.0,0.6000000000000001,0.75,0.8333333333333333,0.5
1.0,0.6000000000000001,0.5,0.6666666666666666,0.5
1.0,0.6000000000000001,0.5,0.8333333333333333,0.5
1.0,0.6000000000000001,0.5,0.6666666666666666,0.5
1.0,0.6000000000000001,0.75,0.8333333333333333,0.5
0.0,0.6000000000000001,0.5,0.6666666666666666,0.5
0.0,0.6000000000000001,0.5,0.6666666666666666,0.5
1.0,0.6000000000000001,0.5,0.5,0.5
0.0,0.6000000000000001,0.5,0.5,0.5
1.0,0.6000000000000001,0.5,0.8333333333333333,0.5
1.0,0.6000000000000001,0.5,0.5,0.5
0.0,0.6000000000000001,0.75,0.6666666666666666,0.5
1.0,0.6000000000000001,0.75,0.8333333333333333,0.0
0.0,0.6000000000000001,0.5,0.6666666666666666,0.5
1.0,0.6000000000000001,0.5,0.8333333333333333,0.5
0.0,0.6000000000000001,0.75,0.6666666666666666,0.5
0.0,0.6000000000000001,0.5,0.6666666666666666,0.5
0.0,0.6000000000000001,0.5,0.6666666666666666,0.5
1.0,0.6000000000000001,0.5,0.6666666666666666,0.5
1.0,0.6000000000000001,0.5,0.8333333333333333,0.5
1.0,0.6000000000000001,1.0,0.8333333333333333,0.5
0.0,0.6000000000000001,0.5,0.6666666666666666,0.5
0.0,0.6000000000000001,0.75,0.5,0.5
0.0,0.6000000000000001,0.75,0.6666666666666666,0.5
0.0,0.6000000000000001,0.5,0.6666666666666666,0.5
0.0,0.6000000000000001,0.5,0.6666666666666666,0.5
0.0,0.6000000000000001,0.5,0.5,0.5
1.0,0.6000000000000001,0.5,0.5,0.5
0.0,0.6000000000000001,0.75,0.5,0.5
0.0,0.6000000000000001,0.5,0.6666666666666666,0.5
0.0,0.6000000000000001,0.5,0.6666666666666666,0.5
1.0,0.6000000000000001,0.5,0.6666666666666666,0.5
1.0,0.6000000000000001,0.75,0.5,0.5
0.0,0.6000000000000001,0.5,0.5,0.5
1.0,0.6000000000000001,0.5,0.6666666666666666,0.5
1.0,0.6000000000000001,0.5,0.6666666666666666,0.5
0.0,0.6000000000000001,0.75,0.5,0.5
0.0,0.6000000000000001,0.5,0.6666666666666666,0.5
0.0,0.6000000000000001,0.5,0.6666666666666666,0.5
1.0,0.6000000000000001,0.75,0.8333333333333333,0.5
1.0,0.6000000000000001,0.75,0.8333333333333333,0.0
1.0,0.6000000000000001,0.5,0.6666666666666666,0.5
1.0,0.6000000000000001,1.0,0.8333333333333333,0.5
1.0,0.6000000000000001,0.5,0.5,0.5
1.0,0.6000000000000001,0.5,0.5,0.5
0.0,0.6000000000000001,0.75,0.8333333333333333,0.0
1.0,0.6000000000000001,0.75,0.5,0.5
0.0,0.6000000000000001,0.5,0.6666666666666666,0.5
1.0,0.6000000000000001,0.5,0.5,0.5
1.0,0.6000000000000001,0.75,0.8333333333333333,0.5
1.0,0.6000000000000001,0.5,0.5,0.5
0.0,0.6000000000000001,0.5,0.5,0.5
0.0,0.6000000000000001,0.5,0.6666666666666666,0.5
1.0,0.6000000000000001,0.5,0.8333333333333333,0.5
0.0,0.6000000000000001,0.5,0.6666666666666666,0.5
0.0,0.6000000000000001,0.5,0.6666666666666666,0.5
1.0,0.6000000000000001,0.5,0.8333333333333333,0.5
1.0,0.6000000000000001,0.75,0.8333333333333333,0.5
1.0,0.6000000000000001,1.0,0.8333333333333333,0.0
1.0,0.6000000000000001,0.5,0.8333333333333333,0.5
1.0,0.6000000000000001,0.5,0.5,0.5
1.0,0.6000000000000001,0.75,0.8333333333333333,0.5
1.0,0.6000000000000001,0.75,0.8333333333333333,0.0
1.0,0.6000000000000001,0.5,0.8333333333333333,0.0
0.0,0.6000000000000001,0.75,0.5,0.5
1.0,0.6000000000000001,0.5,0.8333333333333333,0.5
0.0,0.6000000000000001,0.5,0.6666666666666666,0.5
1.0,0.6000000000000001,0.5,0.6666666666666666,0.5
0.0,0.6000000000000001,0.5,0.6666666666666666,0.5
1.0,0.6000000000000001,0.5,0.6666666666666666,0.5
0.0,0.6000000000000001,0.75,0.6666666666666666,0.5
1.0,0.6000000000000001,0.5,0.8333333333333333,0.0
1.0,0.6000000000000001,0.5,0.5,0.5
1.0,0.6000000000000001,0.75,0.8333333333333333,0.5
1.0,0.6000000000000001,0.5,0.6666666666666666,0.5
1.0,0.6000000000000001,0.5,0.5,0.5
1.0,0.6000000000000001,0.5,0.5,0.5
1.0,0.6000000000000001,0.75,0.5,0.5
1.0,0.6000000000000001,0.5,0.8333333333333333,0.5
1.0,0.6000000000000001,0.5,0.8333333333333333,0.5
1.0,0.6000000000000001,0.5,0.8333333333333333,0.5
1.0,0.6000000000000001,0.5,0.8333333333333333,0.5
1.0,0.6000000000000001,0.5,0.8333333333333333,0.5
1.0,0.6000000000000001,0.5,0.8333333333333333,0.5
1.0,0.6000000000000001,0.5,0.8333333333333333,0.5
1.0,0.6000000000000001,0.5,0.8333333333333333,0.5
1.0,0.6000000000000001,0.5,0.8333333333333333,0.5
1.0,0.6000000000000001,0.5,0.16666666666666666,1.0
0.0,0.6000000000000001,0.5,0.6666666666666666,0.5
1.0,0.6000000000000001,0.5,0.6666666666666666,0.5
0.0,0.6000000000000001,0.5,0.6666666666666666,0.5
1.0,0.6000000000000001,0.5,0.6666666666666666,0.5
1.0,0.6000000000000001,0.5,0.8333333333333333,0.5
1.0,0.6000000000000001,0.5,0.8333333333333333,0.5
1.0,0.6000000000000001,0.5,0.6666666666666666,0.5
1.0,0.6000000000000001,0.5,0.6666666666666666,0.5
1.0,0.6000000000000001,0.5,0.8333333333333333,0.5
1.0,0.6000000000000001,0.5,0.8333333333333333,0.5
0.0,0.4,0.5,0.16666666666666666,0.5
1.0,0.6000000000000001,0.5,0.8333333333333333,0.5
1.0,0.6000000000000001,0.5,0.8333333333333333,0.5
0.0,0.6000000000000001,0.5,0.5,0.5
1.0,0.6000000000000001,0.5,0.5,0.5
1.0,0.6000000000000001,0.5,0.6666666666666666,0.5
1.0,0.6000000000000001,0.5,0.6666666666666666,0.5
1.0,0.6000000000000001,0.5,0.5,0.5
1.0,0.6000000000000001,0.5,0.6666666666666666,0.5
1.0,0.6000000000000001,0.75,0.8333333333333333,0.5
0.0,0.6000000000000001,0.75,0.6666666666666666,0.5
1.0,0.6000000000000001,0.5,0.6666666666666666,0.5
0.0,0.6000000000000001,0.75,0.6666666666666666,0.5
1.0,0.6000000000000001,0.5,0.6666666666666666,0.5
1.0,0.6000000000000001,0.5,0.6666666666666666,0.5
0.0,0.6000000000000001,0.5,0.6666666666666666,0.5
1.0,0.6000000000000001,0.5,0.6666666666666666,0.5
1.0,0.6000000000000001,0.5,0.6666666666666666,0.5
1.0,0.6000000000000001,0.5,0.6666666666666666,0.5
0.0,0.6000000000000001,0.5,0.6666666666666666,0.5
0.0,0.6000000000000001,0.5,0.6666666666666666,0.5
1.0,0.6000000000000001,0.5,0.6666666666666666,0.5
1.0,0.6000000000000001,0.5,0.6666666666666666,0.5
0.0,0.6000000000000001,0.5,0.6666666666666666,0.5
1.0,0.6000000000000001,0.5,0.6666666666666666,0.5
1.0,0.6000000000000001,0.5,1.0,0.5
1.0,0.6000000000000001,0.75,0.6666666666666666,0.5
0.0,0.6000000000000001,0.5,0.6666666666666666,0.5
1.0,0.6000000000000001,0.5,0.8333333333333333,0.5
1.0,0.6000000000000001,0.75,0.6666666666666666,0.5
1.0,0.6000000000000001,0.5,0.8333333333333333,0.5
1.0,0.6000000000000001,0.5,0.8333333333333333,0.5
1.0,0.6000000000000001,0.5,0.6666666666666666,0.5
1.0,0.6000000000000001,0.75,0.8333333333333333,0.0
1.0,0.6000000000000001,0.5,0.8333333333333333,0.0
0.0,0.6000000000000001,0.5,0.6666666666666666,0.5
1.0,0.6000000000000001,0.5,0.8333333333333333,0.5
0.0,0.6000000000000001,0.5,0.8333333333333333,0.0
1.0,0.6000000000000001,0.5,0.8333333333333333,0.5
1.0,0.6000000000000001,0.5,0.8333333333333333,0.5
0.0,0.6000000000000001,0.5,0.6666666666666666,0.5
1.0,0.6000000000000001,0.5,0.16666666666666666,0.5
1.0,0.6000000000000001,0.5,0.8333333333333333,0.5
1.0,0.6000000000000001,0.5,0.8333333333333333,0.5
0.0,0.6000000000000001,0.5,0.6666666666666666,0.5
1.0,0.6000000000000001,0.5,0.8333333333333333,0.5
1.0,0.6000000000000001,0.5,0.6666666666666666,0.5
1.0,0.6000000000000001,0.5,0.6666666666666666,0.5
1.0,0.6000000000000001,0.5,0.8333333333333333,0.0
1.0,0.6000000000000001,0.75,0.8333333333333333,0.0
1.0,0.6000000000000001,0.5,0.5,0.5
1.0,0.6000000000000001,0.5,0.8333333333333333,0.0
1.0,0.6000000000000001,0.5,0.8333333333333333,0.0
1.0,0.6000000000000001,0.5,0.8333333333333333,0.0
1.0,0.6000000000000001,0.5,0.5,0.5
1.0,0.6000000000000001,0.5,0.8333333333333333,0.5
0.0,0.6000000000000001,0.5,0.6666666666666666,0.5
1.0,0.6000000000000001,0.5,0.8333333333333333,0.0
1.0,0.6000000000000001,0.75,0.6666666666666666,0.5
0.0,0.6000000000000001,0.5,0.6666666666666666,0.5
1.0,0.6000000000000001,0.5,0.8333333333333333,0.5
1.0,0.6000000000000001,0.5,0.6666666666666666,0.5
1.0,0.6000000000000001,0.5,0.8333333333333333,0.5
1.0,0.6000000000000001,0.5,0.5,0.5
1.0,0.6000000000000001,0.5,0.5,0.5
1.0,0.6000000000000001,0.5,0.6666666666666666,0.5
1.0,0.6000000000000001,0.5,0.8333333333333333,0.0
1.0,0.6000000000000001,0.5,0.8333333333333333,0.5
1.0,0.4,0.5,0.16666666666666666,0.5
1.0,0.6000000000000001,0.5,0.5,0.0
1.0,0.6000000000000001,0.75,0.5,0.0
1.0,0.6000000000000001,0.5,0.8333333333333333,0.5
1.0,0.6000000000000001,0.5,0.8333333333333333,0.5
1.0,0.6000000000000001,0.5,0.16666666666666666,0.5
1.0,0.6000000000000001,0.5,0.8333333333333333,0.0
1.0,0.6000000000000001,0.5,0.6666666666666666,0.5
1.0,0.6000000000000001,0.75,0.8333333333333333,0.5
1.0,0.6000000000000001,0.5,0.5,0.5
1.0,0.6000000000000001,0.75,0.8333333333333333,0.5
1.0,0.6000000000000001,0.5,0.5,0.5
1.0,0.6000000000000001,0.5,0.8333333333333333,0.5
1.0,0.6000000000000001,0.5,0.6666666666666666,0.5
1.0,0.6000000000000001,0.5,0.8333333333333333,0.5
1.0,0.6000000000000001,0.5,0.8333333333333333,0.5
1.0,0.6000000000000001,0.5,0.8333333333333333,0.5
1.0,0.6000000000000001,0.5,0.8333333333333333,0.5
0.0,0.6000000000000001,0.5,0.8333333333333333,0.5
1.0,0.6000000000000001,0.5,0.5,0.5
1.0,0.6000000000000001,0.5,0.8333333333333333,1.0
1.0,0.6000000000000001,0.5,0.8333333333333333,0.0
1.0,0.6000000000000001,0.75,0.8333333333333333,0.5
1.0,0.6000000000000001,0.5,0.8333333333333333,0.5
1.0,0.6000000000000001,0.75,0.8333333333333333,0.5
1.0,0.6000000000000001,0.5,0.6666666666666666,0.5
0.0,0.6000000000000001,0.5,0.6666666666666666,0.5
1.0,0.6000000000000001,0.5,0.16666666666666666,0.5
1.0,0.6000000000000001,0.75,0.8333333333333333,0.5
1.0,0.6000000000000001,0.75,0.6666666666666666,0.5
1.0,0.6000000000000001,0.5,0.5,0.0
1.0,0.6000000000000001,0.5,0.8333333333333333,0.5
1.0,0.6000000000000001,0.5,0.8333333333333333,0.5
1.0,0.6000000000000001,0.5,0.8333333333333333,0.0
1.0,0.6000000000000001,0.5,0.6666666666666666,0.5
1.0,0.6000000000000001,0.5,0.8333333333333333,0.5
1.0,0.6000000000000001,0.5,0.8333333333333333,0.5
1.0,0.6000000000000001,0.75,0.8333333333333333,0.5
1.0,0.6000000000000001,0.5,0.6666666666666666,0.5
1.0,0.6000000000000001,0.5,0.5,0.5
1.0,0.6000000000000001,0.5,0.6666666666666666,0.5
1.0,0.6000000000000001,0.5,0.8333333333333333,0.5
1.0,0.6000000000000001,0.5,0.8333333333333333,0.5
1.0,0.6000000000000001,0.5,0.8333333333333333,0.5
1.0,0.6000000000000001,0.5,0.6666666666666666,0.5
1.0,0.6000000000000001,0.75,0.8333333333333333,0.0
1.0,0.6000000000000001,0.5,0.8333333333333333,0.5
1.0,0.6000000000000001,0.5,0.8333333333333333,0.5
1.0,0.6000000000000001,0.5,0.8333333333333333,0.5
1.0,0.6000000000000001,0.5,0.5,0.5
1.0,0.6000000000000001,0.5,0.6666666666666666,0.5
1.0,0.6000000000000001,0.5,0.6666666666666666,0.5
1.0,0.6000000000000001,0.75,0.8333333333333333,0.0
1.0,0.6000000000000001,0.5,0.5,0.5
1.0,0.6000000000000001,0.5,0.8333333333333333,0.5
1.0,0.6000000000000001,0.5,0.8333333333333333,0.5
1.0,0.6000000000000001,0.5,0.5,0.5
1.0,0.6000000000000001,0.5,0.6666666666666666,0.5
1.0,0.6000000000000001,0.5,0.8333333333333333,0.5
1.0,0.6000000000000001,0.5,0.8333333333333333,0.5
1.0,0.6000000000000001,0.5,0.8333333333333333,0.0
1.0,0.6000000000000001,0.5,0.5,0.5
1.0,0.6000000000000001,0.5,0.8333333333333333,0.5
1.0,0.4,0.5,0.8333333333333333,0.5
1.0,0.6000000000000001,0.5,0.5,0.5
1.0,0.6000000000000001,0.5,0.6666666666666666,0.5
1.0,0.6000000000000001,0.5,0.5,0.5
1.0,0.6000000000000001,0.5,0.5,0.5
1.0,0.4,0.5,0.16666666666666666,0.5
1.0,0.6000000000000001,0.5,0.5,0.5
1.0,0.6000000000000001,0.5,0.5,0.0
1.0,0.6000000000000001,0.5,0.8333333333333333,0.5
1.0,0.6000000000000001,0.5,0.5,0.5
1.0,0.6000000000000001,0.5,0.6666666666666666,0.5
1.0,0.6000000000000001,0.5,0.5,0.5
1.0,0.6000000000000001,0.75,0.8333333333333333,0.5
1.0,0.6000000000000001,0.75,0.5,0.0
1.0,0.6000000000000001,0.5,0.5,0.5
1.0,0.6000000000000001,0.5,0.5,0.5
1.0,0.6000000000000001,0.5,0.5,0.5
1.0,0.6000000000000001,0.5,0.8333333333333333,0.0
1.0,0.6000000000000001,0.5,0.6666666666666666,0.5
1.0,0.6000000000000001,0.5,0.5,0.5
1.0,0.6000000000000001,0.5,0.5,0.5
1.0,0.4,0.5,0.16666666666666666,0.5
1.0,0.6000000000000001,0.75,0.6666666666666666,0.5
1.0,0.4,0.5,0.16666666666666666,0.5
1.0,0.4,0.5,0.6666666666666666,0.5
1.0,0.6000000000000001,0.75,0.8333333333333333,0.5
1.0,0.6000000000000001,0.5,0.8333333333333333,0.5
1.0,0.6000000000000001,0.5,0.6666666666666666,0.5
1.0,0.6000000000000001,0.5,0.8333333333333333,0.5
0.0,0.6000000000000001,0.5,0.5,0.5
1.0,0.6000000000000001,0.5,0.8333333333333333,0.5
1.0,0.6000000000000001,0.5,0.5,0.5
1.0,0.6000000000000001,0.5,0.5,0.5
1.0,0.6000000000000001,0.75,0.8333333333333333,0.5
1.0,0.4,0.5,0.16666666666666666,0.5
1.0,0.6000000000000001,0.5,0.8333333333333333,0.5
1.0,0.6000000000000001,0.5,0.8333333333333333,0.5
1.0,0.6000000000000001,0.5,0.8333333333333333,0.5
1.0,0.4,0.5,0.16666666666666666,0.5
1.0,0.6000000000000001,0.5,0.8333333333333333,0.5
1.0,0.6000000000000001,0.5,0.16666666666666666,1.0
1.0,0.6000000000000001,0.5,0.8333333333333333,0.5
1.0,0.6000000000000001,0.5,0.6666666666666666,0.5
1.0,0.6000000000000001,0.5,0.16666666666666666,0.5
1.0,0.6000000000000001,0.75,0.6666666666666666,0.5
1.0,0.6000000000000001,0.5,0.6666666666666666,0.5
1.0,0.6000000000000001,0.5,0.8333333333333333,0.5
1.0,0.6000000000000001,0.5,0.6666666666666666,0.5
1.0,0.6000000000000001,0.5,0.8333333333333333,0.5
1.0,0.4,0.5,0.16666666666666666,0.5
1.0,0.6000000000000001,0.5,0.6666666666666666,0.5
1.0,0.6000000000000001,0.5,0.8333333333333333,0.5
1.0,0.6000000000000001,0.5,0.5,0.5
1.0,0.6000000000000001,0.5,0.16666666666666666,0.5
1.0,0.4,0.5,0.8333333333333333,0.5
1.0,0.6000000000000001,0.5,0.8333333333333333,0.5
1.0,0.6000000000000001,0.5,0.8333333333333333,0.5
0.0,0.6000000000000001,0.5,0.5,0.5
1.0,0.4,0.5,0.6666666666666666,0.5
1.0,0.6000000000000001,0.5,0.6666666666666666,0.5
1.0,0.6000000000000001,0.5,0.6666666666666666,0.5
1.0,0.6000000000000001,0.5,0.6666666666666666,0.5
1.0,0.6000000000000001,0.5,0.16666666666666666,0.5
1.0,0.6000000000000001,0.5,0.16666666666666666,0.5
1.0,0.6000000000000001,0.5,0.6666666666666666,0.5
1.0,0.6000000000000001,0.5,0.16666666666666666,0.5
1.0,0.6000000000000001,0.5,0.6666666666666666,0.5
1.0,0.6000000000000001,0.5,0.6666666666666666,0.5
1.0,0.6000000000000001,0.5,0.16666666666666666,0.5
1.0,0.6000000000000001,0.5,0.16666666666666666,0.5
1.0,0.6000000000000001,0.5,0.6666666666666666,0.5
0.0,0.4,0.5,0.16666666666666666,0.5
1.0,0.6000000000000001,0.5,0.8333333333333333,0.0
1.0,0.6000000000000001,0.5,0.6666666666666666,0.5
1.0,0.6000000000000001,0.5,0.6666666666666666,0.5
1.0,0.6000000000000001,0.5,0.6666666666666666,0.5
1.0,0.6000000000000001,0.5,0.8333333333333333,0.0
1.0,0.6000000000000001,0.5,0.16666666666666666,0.5
1.0,0.6000000000000001,0.5,0.5,0.5
1.0,0.6000000000000001,0.75,0.8333333333333333,0.5
1.0,0.6000000000000001,0.5,0.8333333333333333,0.5
1.0,0.6000000000000001,0.5,0.8333333333333333,0.5
1.0,0.6000000000000001,0.5,0.8333333333333333,0.5
1.0,0.6000000000000001,0.5,0.8333333333333333,0.5
1.0,0.6000000000000001,0.5,0.8333333333333333,0.5
1.0,0.6000000000000001,0.5,0.8333333333333333,0.0
1.0,0.6000000000000001,0.5,0.6666666666666666,0.5
1.0,0.6000000000000001,0.5,0.5,0.5
0.0,0.6000000000000001,0.5,0.6666666666666666,0.5
1.0,0.6000000000000001,0.5,0.8333333333333333,0.0
1.0,0.6000000000000001,0.5,0.6666666666666666,0.5
1.0,0.6000000000000001,0.5,0.8333333333333333,0.5
1.0,0.6000000000000001,0.5,0.8333333333333333,0.5
1.0,0.6000000000000001,0.5,0.6666666666666666,0.5
1.0,0.6000000000000001,0.5,0.8333333333333333,0.5
1.0,0.6000000000000001,0.5,0.6666666666666666,0.5
1.0,0.6000000000000001,0.5,0.5,0.5
1.0,0.6000000000000001,0.75,0.8333333333333333,0.5
0.0,0.6000000000000001,0.5,0.5,0.5
1.0,0.6000000000000001,0.5,0.5,0.5
1.0,0.6000000000000001,0.5,0.6666666666666666,0.5
1.0,0.6000000000000001,0.5,0.5,0.5
1.0,0.6000000000000001,0.5,0.5,0.5
1.0,0.6000000000000001,0.5,0.5,0.0
1.0,0.6000000000000001,0.5,0.8333333333333333,0.0
1.0,0.4,0.5,0.16666666666666666,0.5
1.0,0.4,0.5,0.16666666666666666,0.5
1.0,0.6000000000000001,0.5,0.6666666666666666,0.5
1.0,0.6000000000000001,0.5,0.6666666666666666,0.5
1.0,0.4,0.5,0.16666666666666666,0.5
1.0,0.4,0.5,0.16666666666666666,0.5
1.0,0.6000000000000001,0.5,0.16666666666666666,0.5
1.0,0.6000000000000001,0.5,0.8333333333333333,1.0
1.0,0.6000000000000001,0.75,0.8333333333333333,0.5
0.0,0.6000000000000001,0.5,0.16666666666666666,0.5
1.0,0.6000000000000001,0.75,0.6666666666666666,0.5
1.0,0.6000000000000001,0.5,0.8333333333333333,0.0
1.0,0.6000000000000001,0.5,0.6666666666666666,0.5
1.0,0.6000000000000001,0.5,0.8333333333333333,0.5
1.0,0.6000000000000001,0.5,0.8333333333333333,0.5
1.0,0.4,0.5,0.16666666666666666,0.5
1.0,0.6000000000000001,0.5,0.5,0.5
1.0,0.6000000000000001,0.5,0.6666666666666666,0.5
1.0,0.6000000000000001,0.5,0.8333333333333333,0.5
1.0,0.6000000000000001,0.5,0.8333333333333333,0.5
1.0,0.6000000000000001,0.5,0.8333333333333333,0.5
1.0,0.6000000000000001,0.5,0.8333333333333333,0.5
1.0,0.6000000000000001,0.5,0.5,0.5
1.0,0.6000000000000001,0.5,0.5,0.5
1.0,0.6000000000000001,0.5,0.8333333333333333,0.5
1.0,0.6000000000000001,0.75,0.8333333333333333,0.5
1.0,0.4,0.5,0.16666666666666666,0.5
1.0,0.6000000000000001,0.5,0.6666666666666666,0.5
0.0,0.6000000000000001,0.5,0.16666666666666666,0.5
1.0,0.6000000000000001,0.5,0.5,0.5
0.0,0.6000000000000001,0.5,0.6666666666666666,0.5
1.0,0.6000000000000001,0.5,0.6666666666666666,0.5
1.0,0.6000000000000001,0.5,0.5,0.5
1.0,0.6000000000000001,0.5,0.6666666666666666,0.5
1.0,0.6000000000000001,0.5,0.6666666666666666,0.5
0.0,0.6000000000000001,0.5,0.16666666666666666,0.5
1.0,0.6000000000000001,0.5,0.6666666666666666,0.5
1.0,0.6000000000000001,0.5,0.6666666666666666,0.5
1.0,0.6000000000000001,0.5,0.6666666666666666,0.5
1.0,0.6000000000000001,0.5,0.6666666666666666,0.5
1.0,0.6000000000000001,0.5,0.6666666666666666,0.5
1.0,0.6000000000000001,0.5,0.6666666666666666,0.5
1.0,0.6000000000000001,0.5,0.6666666666666666,0.5
1.0,0.6000000000000001,0.5,0.6666666666666666,0.5
1.0,0.6000000000000001,0.5,0.6666666666666666,0.5
1.0,0.6000000000000001,0.5,0.6666666666666666,0.5
1.0,0.6000000000000001,0.5,0.6666666666666666,0.5
1.0,0.6000000000000001,0.5,0.6666666666666666,0.5
0.0,0.6000000000000001,0.5,0.16666666666666666,0.5
0.0,0.6000000000000001,0.5,0.5,0.5
1.0,0.6000000000000001,0.5,0.5,0.5
0.0,0.6000000000000001,0.5,0.16666666666666666,0.5
1.0,0.6000000000000001,0.5,0.6666666666666666,0.5
0.0,0.6000000000000001,0.5,0.6666666666666666,1.0
0.0,0.6000000000000001,0.5,0.6666666666666666,1.0
0.0,0.6000000000000001,0.5,0.5,0.5
1.0,0.6000000000000001,0.5,0.6666666666666666,1.0
1.0,0.6000000000000001,0.5,0.5,0.5
0.0,0.6000000000000001,0.75,0.5,1.0
1.0,0.6000000000000001,0.5,0.6666666666666666,0.0
0.0,0.6000000000000001,0.5,0.5,1.0
1.0,0.6000000000000001,0.5,0.6666666666666666,1.0
1.0,0.6000000000000001,0.5,0.5,0.5
1.0,0.6000000000000001,0.5,0.5,1.0
1.0,0.6000000000000001,0.5,0.5,1.0
1.0,0.6000000000000001,0.5,0.16666666666666666,1.0
1.0,0.6000000000000001,0.5,0.5,0.5
1.0,0.6000000000000001,0.5,0.6666666666666666,0.5
1.0,0.6000000000000001,0.5,0.5,1.0
1.0,0.6000000000000001,0.5,0.5,1.0
1.0,0.6000000000000001,0.5,0.5,0.5
1.0,0.6000000000000001,0.5,0.5,0.5
1.0,0.6000000000000001,0.5,0.5,0.5
1.0,0.6000000000000001,0.5,0.5,0.5
1.0,0.6000000000000001,0.5,0.16666666666666666,1.0
1.0,0.6000000000000001,0.5,0.5,1.0
1.0,0.6000000000000001,0.5,0.5,1.0
0.0,0.6000000000000001,0.5,0.16666666666666666,0.5
1.0,0.6000000000000001,0.5,0.5,1.0
1.0,0.6000000000000001,0.75,0.6666666666666666,1.0
1.0,0.6000000000000001,0.5,0.5,0.5
1.0,0.6000000000000001,0.5,0.5,0.5
1.0,0.6000000000000001,0.5,0.5,1.0
1.0,0.6000000000000001,0.5,0.5,1.0
1.0,0.6000000000000001,0.5,0.5,1.0
1.0,0.6000000000000001,0.5,0.5,0.5
1.0,0.6000000000000001,0.5,0.5,1.0
1.0,0.6000000000000001,0.5,0.5,0.5
1.0,0.6000000000000001,0.75,0.6666666666666666,0.5
1.0,0.6000000000000001,0.5,0.5,1.0
1.0,0.6000000000000001,0.5,0.5,0.5
1.0,0.6000000000000001,0.5,0.5,0.5
0.0,0.6000000000000001,0.5,0.16666666666666666,0.5
1.0,0.6000000000000001,0.5,0.5,0.5
1.0,0.6000000000000001,0.5,0.5,0.5
0.0,0.6000000000000001,0.5,0.5,0.5
1.0,0.6000000000000001,0.5,0.5,1.0
1.0,0.6000000000000001,0.5,0.5,0.5
1.0,0.6000000000000001,0.5,0.5,0.5
1.0,0.6000000000000001,0.5,0.6666666666666666,0.5
1.0,0.6000000000000001,0.5,0.6666666666666666,0.5
1.0,0.6000000000000001,0.5,0.6666666666666666,0.5
1.0,0.6000000000000001,0.5,0.6666666666666666,0.5
1.0,0.6000000000000001,0.5,0.6666666666666666,0.5
1.0,0.6000000000000001,0.5,0.6666666666666666,0.5
1.0,0.6000000000000001,0.5,0.6666666666666666,0.5
1.0,0.6000000000000001,0.5,0.6666666666666666,0.5
1.0,0.6000000000000001,0.5,0.6666666666666666,0.5
0.0,0.6000000000000001,0.5,0.16666666666666666,0.5
1.0,0.6000000000000001,0.5,0.6666666666666666,0.5
1.0,0.6000000000000001,0.5,0.6666666666666666,0.5
1.0,0.6000000000000001,0.5,0.6666666666666666,0.5
1.0,0.6000000000000001,0.5,0.6666666666666666,0.5
1.0,0.6000000000000001,0.5,0.6666666666666666,0.5
1.0,0.6000000000000001,0.5,0.6666666666666666,0.5
1.0,0.6000000000000001,0.5,0.6666666666666666,0.5
1.0,0.6000000000000001,0.5,0.6666666666666666,0.5
1.0,0.6000000000000001,0.5,0.6666666666666666,0.5
1.0,0.6000000000000001,0.5,0.6666666666666666,0.5
1.0,0.6000000000000001,0.5,0.6666666666666666,0.5
1.0,0.6000000000000001,0.5,0.6666666666666666,0.5
0.0,0.6000000000000001,0.5,0.16666666666666666,0.5
1.0,0.6000000000000001,0.5,0.5,0.5
1.0,0.6000000000000001,0.5,0.5,1.0
1.0,0.6000000000000001,0.5,0.6666666666666666,0.5
1.0,0.6000000000000001,0.5,0.5,1.0
1.0,0.6000000000000001,0.5,0.6666666666666666,0.5
1.0,0.6000000000000001,0.5,0.5,1.0
1.0,0.6000000000000001,0.5,0.5,1.0
1.0,0.6000000000000001,0.5,0.5,0.5
0.0,0.6000000000000001,0.75,0.6666666666666666,1.0
1.0,0.6000000000000001,0.5,0.5,1.0
1.0,0.6000000000000001,0.5,0.5,0.5
0.0,0.6000000000000001,0.5,0.6666666666666666,1.0
1.0,0.6000000000000001,0.5,0.16666666666666666,1.0
1.0,0.6000000000000001,0.5,0.5,0.5
1.0,0.6000000000000001,0.5,0.5,0.5
0.0,0.6000000000000001,0.5,0.5,0.5
1.0,0.6000000000000001,0.5,0.5,1.0
1.0,0.6000000000000001,0.5,0.5,0.5
1.0,0.6000000000000001,0.5,0.6666666666666666,0.5
1.0,0.6000000000000001,0.5,0.5,0.5
0.0,0.6000000000000001,0.5,0.16666666666666666,0.5
1.0,0.6000000000000001,0.5,0.6666666666666666,0.5
1.0,0.6000000000000001,0.5,0.5,0.5
0.0,0.6000000000000001,0.5,0.16666666666666666,0.5
1.0,0.6000000000000001,0.5,0.5,0.5
1.0,0.6000000000000001,0.5,0.5,1.0
1.0,0.6000000000000001,0.5,0.5,1.0
1.0,0.6000000000000001,0.75,0.5,0.5
0.0,0.6000000000000001,0.5,0.16666666666666666,0.5
1.0,0.6000000000000001,0.5,0.5,1.0
1.0,0.6000000000000001,0.5,0.5,1.0
1.0,0.6000000000000001,0.5,0.5,0.5
0.0,0.6000000000000001,0.5,0.16666666666666666,0.5
1.0,0.6000000000000001,0.5,0.5,0.5
1.0,0.6000000000000001,0.5,0.5,0.5
0.0,0.6000000000000001,0.5,0.16666666666666666,0.5
0.0,0.6000000000000001,0.5,0.16666666666666666,0.5
1.0,0.6000000000000001,0.5,0.6666666666666666,0.5
1.0,0.6000000000000001,0.5,0.5,0.5
1.0,0.6000000000000001,0.5,0.6666666666666666,0.5
1.0,0.6000000000000001,0.5,0.6666666666666666,0.5
1.0,0.6000000000000001,0.5,0.5,1.0
1.0,0.6000000000000001,0.5,0.5,0.5
1.0,0.6000000000000001,0.5,0.5,0.5
1.0,0.6000000000000001,0.75,0.5,1.0
1.0,0.6000000000000001,0.5,0.5,1.0
1.0,0.6000000000000001,0.75,0.5,0.5
1.0,0.6000000000000001,0.5,0.5,0.5
1.0,0.6000000000000001,0.5,0.5,0.5
1.0,0.6000000000000001,0.5,0.5,0.5
1.0,0.6000000000000001,0.75,0.5,0.5
1.0,0.6000000000000001,0.5,0.5,0.5
1.0,0.6000000000000001,0.5,0.5,1.0
1.0,0.6000000000000001,0.5,0.5,1.0
1.0,0.6000000000000001,0.5,0.5,0.5
1.0,0.6000000000000001,0.5,0.5,1.0
1.0,0.6000000000000001,0.5,0.5,1.0
1.0,0.6000000000000001,0.5,0.5,0.5
1.0,0.6000000000000001,0.5,0.5,0.5
1.0,0.6000000000000001,0.5,0.5,0.5
1.0,0.6000000000000001,0.5,0.5,0.5
1.0,0.6000000000000001,0.5,0.5,0.5
1.0,0.6000000000000001,0.5,0.5,0.5
1.0,0.6000000000000001,0.5,0.5,1.0
1.0,0.6000000000000001,0.5,0.5,1.0
1.0,0.6000000000000001,0.5,0.5,0.5
1.0,0.6000000000000001,0.5,0.5,0.5
1.0,0.6000000000000001,0.5,0.5,0.5
1.0,0.6000000000000001,0.75,0.5,1.0
1.0,0.6000000000000001,0.75,0.8333333333333333,0.5
1.0,0.6000000000000001,0.5,0.5,0.5
1.0,0.6000000000000001,0.75,0.5,1.0
1.0,0.6000000000000001,0.5,0.8333333333333333,0.5
1.0,0.6000000000000001,0.5,0.8333333333333333,0.5
1.0,0.6000000000000001,0.5,0.5,0.5
1.0,0.6000000000000001,0.5,0.5,0.5
0.0,0.6000000000000001,0.5,0.5,0.5
1.0,0.6000000000000001,0.5,0.5,0.5
1.0,0.6000000000000001,0.5,0.5,0.5
1.0,0.6000000000000001,0.5,0.8333333333333333,0.5
0.0,0.6000000000000001,0.5,0.5,0.5
1.0,0.6000000000000001,0.5,0.5,0.5
1.0,0.6000000000000001,0.5,0.5,0.5
0.0,0.6000000000000001,0.5,0.5,0.5
1.0,0.6000000000000001,0.5,0.8333333333333333,0.5
1.0,0.6000000000000001,0.5,0.5,0.5
0.0,0.6000000000000001,0.5,0.8333333333333333,0.5
0.0,0.6000000000000001,0.75,0.8333333333333333,0.0
0.0,0.6000000000000001,0.75,0.5,0.5
1.0,0.6000000000000001,0.5,0.5,0.5
1.0,0.6000000000000001,0.5,0.5,0.5
1.0,0.6000000000000001,0.5,0.5,0.5
1.0,0.6000000000000001,0.5,0.5,0.5
1.0,0.6000000000000001,0.5,0.5,0.5
1.0,0.6000000000000001,0.5,0.5,0.5
0.0,0.6000000000000001,0.5,0.5,0.5
1.0,0.6000000000000001,0.5,0.5,0.5
1.0,0.6000000000000001,0.5,0.5,1.0
1.0,0.6000000000000001,0.5,0.5,0.0
1.0,0.6000000000000001,0.5,0.5,0.5
1.0,0.6000000000000001,0.5,0.5,0.0
1.0,0.6000000000000001,0.5,0.5,0.5
1.0,0.6000000000000001,0.5,0.5,0.0
1.0,0.6000000000000001,0.5,0.5,0.5
1.0,0.6000000000000001,0.5,0.5,0.0
1.0,0.6000000000000001,0.5,0.5,0.5
1.0,0.6000000000000001,0.5,0.5,1.0
1.0,0.6000000000000001,0.5,0.5,0.5
1.0,0.6000000000000001,0.5,0.5,0.5
1.0,0.6000000000000001,0.5,0.5,1.0
1.0,0.6000000000000001,0.5,0.5,0.5
1.0,0.6000000000000001,0.5,0.5,0.5
1.0,0.6000000000000001,0.5,0.5,1.0
1.0,0.6000000000000001,0.5,0.5,0.5
1.0,0.6000000000000001,0.5,0.5,0.5
1.0,0.6000000000000001,0.5,0.5,0.5
1.0,0.6000000000000001,0.5,0.5,0.5
1.0,0.6000000000000001,0.5,0.5,0.5
1.0,0.6000000000000001,0.5,0.5,0.5
1.0,0.6000000000000001,0.5,0.5,0.5
1.0,0.6000000000000001,0.5,0.5,0.5
1.0,0.6000000000000001,0.5,0.5,0.5
1.0,0.6000000000000001,0.5,0.5,0.5
1.0,0.6000000000000001,0.5,0.5,0.5
1.0,0.6000000000000001,0.5,0.5,0.5
1.0,0.6000000000000001,1.0,0.5,1.0
1.0,0.6000000000000001,0.5,0.5,0.5
1.0,0.6000000000000001,0.5,0.8333333333333333,0.5
1.0,0.6000000000000001,0.5,0.5,0.5
1.0,0.6000000000000001,0.5,0.5,0.5
1.0,0.6000000000000001,0.5,0.5,0.5
1.0,0.6000000000000001,0.5,0.5,0.5
1.0,0.6000000000000001,0.5,0.5,1.0
1.0,0.6000000000000001,0.5,0.5,0.5
1.0,0.6000000000000001,0.5,0.5,0.5
1.0,0.6000000000000001,0.5,0.5,0.5
1.0,0.6000000000000001,0.5,0.5,0.5
1.0,0.6000000000000001,0.5,0.5,0.5
1.0,0.6000000000000001,0.5,0.5,0.5
1.0,0.6000000000000001,0.5,0.5,0.5
1.0,0.6000000000000001,0.5,0.8333333333333333,0.5
1.0,0.6000000000000001,0.5,0.8333333333333333,0.5
1.0,0.6000000000000001,0.5,0.5,0.5
1.0,0.6000000000000001,0.5,0.5,0.5
1.0,0.6000000000000001,0.5,0.8333333333333333,0.5
1.0,0.6000000000000001,0.5,0.5,0.5
1.0,0.6000000000000001,0.5,0.5,0.5
1.0,0.6000000000000001,0.75,0.6666666666666666,0.5
1.0,0.6000000000000001,0.75,0.5,0.5
1.0,0.6000000000000001,0.5,0.6666666666666666,0.5
1.0,0.6000000000000001,0.5,0.6666666666666666,0.5
1.0,0.6000000000000001,0.5,0.6666666666666666,0.5
1.0,0.6000000000000001,0.5,0.6666666666666666,0.5
0.0,0.6000000000000001,0.5,0.6666666666666666,0.5
1.0,0.4,0.75,0.6666666666666666,0.5
1.0,0.6000000000000001,0.5,0.6666666666666666,0.5
1.0,0.6000000000000001,0.75,0.8333333333333333,0.5
1.0,0.6000000000000001,0.5,0.6666666666666666,0.5
1.0,0.6000000000000001,0.75,0.6666666666666666,0.5
1.0,0.6000000000000001,0.5,0.6666666666666666,0.5
1.0,0.6000000000000001,0.5,0.6666666666666666,0.5
1.0,0.6000000000000001,0.5,0.6666666666666666,0.5
1.0,0.6000000000000001,0.5,0.8333333333333333,0.5
1.0,0.6000000000000001,0.5,0.6666666666666666,0.5
1.0,0.6000000000000001,0.5,0.6666666666666666,0.5
1.0,0.6000000000000001,0.5,0.6666666666666666,0.5
1.0,0.6000000000000001,0.5,0.6666666666666666,0.5
1.0,0.6000000000000001,0.5,0.6666666666666666,0.5
1.0,0.6000000000000001,0.5,0.8333333333333333,0.5
0.0,0.6000000000000001,0.75,0.5,0.5
1.0,0.6000000000000001,0.5,0.6666666666666666,0.5
1.0,0.6000000000000001,0.5,0.5,0.5
1.0,0.6000000000000001,0.5,0.6666666666666666,0.5
1.0,0.6000000000000001,0.5,0.6666666666666666,0.5
1.0,0.6000000000000001,0.75,0.6666666666666666,0.5
1.0,0.6000000000000001,0.5,0.6666666666666666,0.5
1.0,0.6000000000000001,0.5,0.6666666666666666,0.5
1.0,0.6000000000000001,0.5,0.8333333333333333,0.5
0.0,0.6000000000000001,0.5,0.6666666666666666,0.5
1.0,0.6000000000000001,1.0,0.6666666666666666,0.5
1.0,0.6000000000000001,0.5,0.6666666666666666,0.5
1.0,0.6000000000000001,0.5,0.6666666666666666,0.5
1.0,0.6000000000000001,0.5,0.6666666666666666,0.5
1.0,0.6000000000000001,0.5,0.6666666666666666,0.5
1.0,0.6000000000000001,0.5,0.5,0.5
0.0,0.6000000000000001,0.5,0.6666666666666666,0.5
1.0,0.6000000000000001,0.5,0.16666666666666666,0.5
1.0,0.6000000000000001,0.5,0.6666666666666666,0.5
1.0,0.6000000000000001,0.5,0.6666666666666666,0.5
1.0,0.6000000000000001,0.5,0.8333333333333333,0.5
1.0,0.6000000000000001,0.5,0.6666666666666666,0.5
1.0,0.6000000000000001,0.5,0.6666666666666666,0.5
1.0,0.6000000000000001,0.5,0.6666666666666666,0.5
1.0,0.6000000000000001,0.5,0.6666666666666666,0.5
1.0,0.6000000000000001,0.5,0.6666666666666666,0.5
1.0,0.6000000000000001,0.5,0.5,0.5
1.0,0.6000000000000001,0.5,0.6666666666666666,0.5
1.0,0.6000000000000001,0.5,0.8333333333333333,0.5
1.0,0.6000000000000001,0.75,0.5,0.5
1.0,0.6000000000000001,0.75,0.6666666666666666,0.5
1.0,0.6000000000000001,0.5,0.6666666666666666,0.5
1.0,0.6000000000000001,0.75,0.6666666666666666,0.5
1.0,0.6000000000000001,0.5,0.6666666666666666,0.5
1.0,0.6000000000000001,0.5,0.16666666666666666,0.5
1.0,0.6000000000000001,0.5,0.6666666666666666,0.5
0.0,0.6000000000000001,0.5,0.16666666666666666,0.5
1.0,0.6000000000000001,0.5,0.6666666666666666,0.5
1.0,0.6000000000000001,0.5,0.16666666666666666,0.5
1.0,0.6000000000000001,0.5,0.6666666666666666,0.5
1.0,0.6000000000000001,0.5,0.6666666666666666,0.5
0.0,0.6000000000000001,0.75,0.6666666666666666,0.5
1.0,0.6000000000000001,0.5,0.8333333333333333,0.5
1.0,0.6000000000000001,0.75,0.6666666666666666,0.5
0.0,0.6000000000000001,0.5,0.6666666666666666,0.5
1.0,0.6000000000000001,0.5,0.6666666666666666,0.5
1.0,0.6000000000000001,0.5,0.6666666666666666,0.5
0.0,0.6000000000000001,0.5,0.6666666666666666,0.5
1.0,0.6000000000000001,0.5,0.8333333333333333,0.5
1.0,0.6000000000000001,0.5,0.6666666666666666,0.5
1.0,0.6000000000000001,0.5,0.8333333333333333,0.5
1.0,0.6000000000000001,0.5,0.6666666666666666,0.5
1.0,0.6000000000000001,0.5,0.8333333333333333,0.5
1.0,0.6000000000000001,0.75,0.8333333333333333,0.0
1.0,0.6000000000000001,0.75,0.8333333333333333,0.5
1.0,0.6000000000000001,0.5,0.8333333333333333,0.5
1.0,0.6000000000000001,0.5,0.8333333333333333,1.0
1.0,0.6000000000000001,0.5,0.8333333333333333,0.5
1.0,0.6000000000000001,0.5,0.6666666666666666,0.5
1.0,0.6000000000000001,0.5,0.8333333333333333,0.5
1.0,0.6000000000000001,0.5,0.6666666666666666,0.5
1.0,0.6000000000000001,0.5,0.6666666666666666,0.5
1.0,0.6000000000000001,0.5,0.6666666666666666,0.5
1.0,0.6000000000000001,0.5,0.6666666666666666,0.5
0.0,0.6000000000000001,0.75,0.6666666666666666,0.5
1.0,0.6000000000000001,0.5,0.6666666666666666,0.5
1.0,0.6000000000000001,0.75,0.6666666666666666,0.5
1.0,0.6000000000000001,0.75,0.6666666666666666,0.5
1.0,0.6000000000000001,0.75,0.6666666666666666,0.5
1.0,0.6000000000000001,0.5,0.6666666666666666,0.5
1.0,0.6000000000000001,0.75,0.6666666666666666,0.5
1.0,0.6000000000000001,0.5,0.6666666666666666,0.5
1.0,0.6000000000000001,0.5,0.5,0.5
1.0,0.6000000000000001,0.5,0.6666666666666666,0.5
1.0,0.6000000000000001,0.75,0.6666666666666666,0.5
1.0,0.6000000000000001,0.75,0.6666666666666666,0.5
1.0,0.6000000000000001,0.75,0.6666666666666666,0.5
1.0,0.6000000000000001,0.5,0.6666666666666666,0.5
1.0,0.6000000000000001,0.5,0.6666666666666666,0.5
1.0,0.6000000000000001,0.5,0.5,0.5
1.0,0.6000000000000001,0.5,0.6666666666666666,0.5
1.0,0.6000000000000001,0.5,0.6666666666666666,0.5
1.0,0.6000000000000001,0.5,0.6666666666666666,0.5
1.0,0.6000000000000001,0.5,0.5,0.5
1.0,0.6000000000000001,0.5,0.5,0.5
1.0,0.6000000000000001,0.5,0.6666666666666666,0.5
1.0,0.6000000000000001,0.5,0.6666666666666666,0.5
1.0,0.6000000000000001,0.75,0.6666666666666666,0.5
1.0,0.6000000000000001,0.5,0.8333333333333333,0.5
0.0,0.6000000000000001,0.5,0.8333333333333333,0.5
1.0,0.6000000000000001,0.5,0.6666666666666666,0.5
0.0,0.6000000000000001,0.5,0.6666666666666666,0.5
0.0,0.6000000000000001,0.5,0.6666666666666666,1.0
1.0,0.6000000000000001,0.5,0.8333333333333333,0.0
0.0,0.6000000000000001,0.75,0.8333333333333333,0.5
0.0,0.6000000000000001,0.5,0.6666666666666666,1.0
1.0,0.6000000000000001,0.5,0.8333333333333333,0.5
1.0,0.6000000000000001,0.5,0.6666666666666666,0.5
1.0,0.6000000000000001,0.5,0.6666666666666666,0.5
0.0,0.6000000000000001,0.5,0.8333333333333333,0.5
0.0,0.6000000000000001,0.5,0.6666666666666666,1.0
1.0,0.6000000000000001,0.5,0.8333333333333333,0.5
1.0,0.6000000000000001,0.75,0.8333333333333333,0.5
0.0,0.6000000000000001,0.5,0.6666666666666666,0.5
1.0,0.6000000000000001,0.5,0.8333333333333333,0.5
1.0,0.6000000000000001,0.5,0.8333333333333333,0.5
1.0,0.6000000000000001,0.5,0.8333333333333333,0.5
1.0,0.6000000000000001,0.5,0.6666666666666666,0.5
1.0,0.6000000000000001,0.5,0.6666666666666666,0.5
1.0,0.6000000000000001,0.5,0.8333333333333333,0.5
1.0,0.6000000000000001,0.5,0.8333333333333333,0.5
0.0,0.6000000000000001,0.5,0.8333333333333333,0.5
1.0,0.6000000000000001,0.5,0.6666666666666666,0.5
1.0,0.6000000000000001,0.5,0.8333333333333333,0.5
1.0,0.6000000000000001,0.5,0.6666666666666666,0.5
1.0,0.6000000000000001,0.5,0.6666666666666666,0.5
0.0,0.6000000000000001,0.5,0.6666666666666666,0.5
1.0,0.6000000000000001,0.75,0.8333333333333333,0.5
1.0,0.6000000000000001,0.5,0.8333333333333333,0.5
1.0,0.6000000000000001,0.5,0.8333333333333333,0.5
1.0,0.6000000000000001,0.5,0.6666666666666666,0.5
1.0,0.6000000000000001,0.5,0.6666666666666666,0.5
1.0,0.6000000000000001,0.75,0.6666666666666666,0.5
1.0,0.6000000000000001,0.5,0.6666666666666666,0.5
0.0,0.6000000000000001,0.5,0.6666666666666666,0.5
1.0,0.6000000000000001,0.5,0.8333333333333333,0.5
0.0,0.6000000000000001,0.5,0.6666666666666666,1.0
1.0,0.6000000000000001,0.5,0.8333333333333333,0.5
1.0,0.6000000000000001,0.5,0.8333333333333333,0.5
1.0,0.6000000000000001,0.5,0.8333333333333333,0.5
1.0,0.6000000000000001,0.5,0.8333333333333333,0.5
1.0,0.6000000000000001,0.5,0.8333333333333333,0.5
1.0,0.6000000000000001,0.5,0.8333333333333333,0.5
1.0,0.6000000000000001,0.75,0.6666666666666666,0.5
1.0,0.6000000000000001,0.5,0.8333333333333333,0.5
1.0,0.6000000000000001,0.5,0.8333333333333333,0.5
1.0,0.6000000000000001,0.5,0.6666666666666666,0.5
0.0,0.6000000000000001,0.5,0.6666666666666666,1.0
0.0,0.6000000000000001,0.5,0.6666666666666666,1.0
1.0,0.6000000000000001,0.75,0.6666666666666666,0.5
